0.001	866.585684031308	44.96251379701007
0.002	1015.3221036017914	44.850219858729844
0.003	818.5138206653211	44.66361162292071
0.004	1065.9728797505004	44.40350783037123
0.005	811.1305801569476	44.0710472476543
0.006	670.2073150840317	43.66768127063407
0.007	763.6171173702543	43.195164519646084
0.008	646.9301536585913	42.655543503659
0.009000000000000001	927.0654412751837	42.05114344635946
0.010000000000000002	841.9596145698725	41.3845533818324
0.011	865.4621406739582	40.65860964120032
0.012	766.867537158044	39.87637786410556
0.013000000000000001	824.3890479544829	39.04113368015549
0.014000000000000002	702.2832056740209	38.15634221529759
0.015	648.7690911618743	37.22563658646913
0.016	634.2029381052911	36.25279555469486
0.017	822.3934008872677	35.24172051204061
0.018000000000000002	584.1174858428685	34.196411981428646
0.019000000000000003	687.0866222708785	33.12094581026527
0.02	597.2146254005919	32.01944923911817
0.021	652.9323472187939	30.89607702532888
0.022000000000000002	552.2033777623375	29.7549877984833
0.023	592.674546760002	28.600320820141622
0.024	542.4132011459446	27.43617331421195
0.025	472.77071251506226	26.266578526916636
0.026000000000000002	516.8707831956746	25.095484666545048
0.027000000000000003	532.6821155586	23.926734863208836
0.028	423.0174882431528	22.764048277741196
0.029	447.87834205484955	21.611002476828364
0.030000000000000002	429.8166759686179	20.471017178571376
0.031	371.7279034086453	19.347339459084655
0.032	353.25025192939927	18.243030496595008
0.033	366.7037497297506	17.160953914957858
0.034	337.5940502705855	16.103765773708172
0.035	272.895932937068	15.073906236862133
0.036000000000000004	306.24171808120934	14.073592937830677
0.037000000000000005	229.49806510254135	13.104816043143902
0.038	227.2186579713665	12.169335003353746
0.039	237.7111528652017	11.268676965617749
0.04	177.99366033217132	10.40413680919239
0.041	169.35236694298334	9.576778752498713
0.042	150.14422226464131	8.787439468670767
0.043000000000000003	158.44168945778603	8.036732635655174
0.044000000000000004	145.69905524981687	7.325054837080202
0.045	111.24880234176378	6.652592721325416
0.046	112.43670801638615	6.019331318557486
0.047	115.09220505203443	5.425063408995065
0.048	87.23631199101214	4.869399830359491
0.049	82.74816373840547	4.3517806083725
0.05	90.3739256292738	3.8714867912828903
0.051000000000000004	64.81819434304036	3.4276528677294937
0.052000000000000005	64.05401333684655	3.0192796467577203
0.053000000000000005	55.29707864220953	2.6452474794656147
0.054	51.00653527777434	2.3043297035184844
0.055	43.99761514193834	1.9952061945825996
0.056	28.876007820669336	1.7164769125231079
0.057	29.2997668585313	1.4666753349159105
0.058	23.14650194901135	1.2442816759566264
0.059000000000000004	21.91858567804289	1.0477357951255943
0.060000000000000005	19.04876448331612	0.8754497068936644
0.061	16.171317829576296	0.7258196102344469
0.062	12.23637236894677	0.5972373646461708
0.063	9.80199581372002	0.4881013476815415
0.064	8.2253396355507	0.3968266375371741
0.065	6.950314842380247	0.3218544729674849
0.066	5.798104022891357	0.2616609515647183
0.067	4.779672913882054	0.2147649361944927
0.068	3.6762221305332274	0.17973514800570456
0.069	2.7601774856538177	0.15519643286120552
0.07	3.3254620635917487	0.13983519618306428
0.07100000000000001	3.205765542072376	0.13240400900197852
0.07200000000000001	2.2499725274849345	0.1317253953796773
0.07300000000000001	2.9557803024643405	0.13669481827893362
0.074	2.9462564595569343	0.1462828873385967
0.075	2.962358995160121	0.15953681782964266
0.076	3.334958316289318	0.17558117528946138
0.077	3.4836958838364285	0.19361794493058845
0.078	4.397101694912943	0.2129259688800701
0.079	5.478355501202549	0.23285979761785588
0.08	4.786991904267573	0.2528480046459249
0.081	4.678548667258177	0.27239101544056443
0.082	5.317499799223641	0.291058503131486
0.083	4.42063432111405	0.3084864041329301
0.084	6.672592648752522	0.3243736071490779
0.085	7.044685978996544	0.3384783686197312
0.08600000000000001	7.070684022545199	0.3506145067978199
0.08700000000000001	7.618965191281323	0.3606474252972518
0.08800000000000001	7.729866374272125	0.3684900151607129
0.089	7.701097560972241	0.37409848231757037
0.09	7.02900688667195	0.37746814477938706
0.091	8.173792876202215	0.3786292411032216
0.092	6.692533337263041	0.3776427885900268
0.093	8.51036273571874	0.37459652642619873
0.094	8.275970855628865	0.3696009755691118
0.095	6.1797361399662725	0.36278564366961585
0.096	5.671226184862824	0.3542953997615394
0.097	5.825423801710254	0.3442870398736275
0.098	8.169377836772167	0.33292606117392437
0.099	7.732817144019349	0.32038365877823466
0.1	6.15025361404542	0.3068339559776971
0.101	5.153919905236352	0.2924514753968516
0.10200000000000001	5.872143925957709	0.27740885551048383
0.10300000000000001	4.961967974292218	0.2618748140487798
0.10400000000000001	5.051869050014092	0.24601235712596758
0.10500000000000001	4.758062569222654	0.22997723045375032
0.106	3.614418585538733	0.21391660675991978
0.107	3.903140698300193	0.19796800153317898
0.108	3.6313660849017864	0.18225840746260283
0.109	3.6391405904998373	0.1669036364359644
0.11	2.7718341270167715	0.15200785670397787
0.111	2.7771557288537747	0.13766331180291705
0.112	2.6295163154229475	0.12395020704896438
0.113	2.1520099855997037	0.1109367488645675
0.114	1.8687322810601548	0.09867932185839551
0.115	1.5042317815048705	0.0872227884428114
0.116	1.489340260870834	0.07660089582116025
0.117	1.3591398008562534	0.06683677539555709
0.11800000000000001	1.1071706147897917	0.057943520017201516
0.11900000000000001	0.9433620821612044	0.04992482500800574
0.12000000000000001	0.898065836406241	0.042775679506537705
0.121	0.8212693776222352	0.036483095415053186
0.122	0.5721506686000369	0.03102686202990885
0.123	0.5386813040265945	0.026380315307626724
0.124	0.48250740942191356	0.022511111636567147
0.125	0.407307435712305	0.019381996933707322
0.126	0.3482278652975303	0.01695156285244943
0.127	0.28280349285540685	0.015174982856867969
0.128	0.29927060923684407	0.014004721877698002
0.129	0.2842011572046238	0.013391214204290847
0.13	0.3171243880974345	0.01328350517467227
0.131	0.25680705121225833	0.013629853094042072
0.132	0.334327344587376	0.014378288633224393
0.133	0.2928676122158324	0.015477129726741444
0.134	0.33692398517657196	0.016875450700681593
0.135	0.43210685201467036	0.018523505009978524
0.136	0.36168480029329003	0.02037310155092581
0.137	0.4181945526921108	0.02237793503666418
0.138	0.4657940830454556	0.024493871380977972
0.139	0.5975679169885266	0.02667918942993998
0.14	0.5614413955739185	0.028894780713515464
0.14100000000000001	0.59012949217577	0.031104309162661027
0.14200000000000002	0.6966114719698445	0.03327433295484446
0.14300000000000002	0.7227454433455164	0.03537439081589173
0.14400000000000002	0.8357811373036866	0.03737705522265686
0.14500000000000002	0.6728499753077776	0.03925795502353669
0.146	0.9940581053653764	0.040995770026831094
0.147	0.8952076504508999	0.04257220010500447
0.148	0.7663414173177006	0.04397191133067394
0.149	0.8804305884349667	0.045182461602203294
0.15	0.9207752470466856	0.04619420813755965
0.151	0.99291492473871	0.047000199118826164
0.152	0.9143594232211386	0.04759605166044722
0.153	0.9850401732638425	0.047979818155604675
0.154	0.781022337338549	0.04815184293044309
0.155	1.0058976894556362	0.048114611008189305
0.156	1.0047190888599027	0.04787259065718154
0.157	0.9114112518849341	0.04743207127069291
0.158	0.9183638629298034	0.04680099800408063
0.159	0.7514969598694653	0.04598880447772494
0.16	0.7886093711095464	0.0450062447435815
0.161	0.7875950170961926	0.04386522560976794
0.162	0.8965085557684176	0.04257864032192871
0.163	1.016119444365052	0.0411602045123686
0.164	0.8331183330607892	0.03962429524806323
0.165	0.822579943746017	0.03798579393634885
0.166	0.6509653813224782	0.036259933781903446
0.167	0.7496869946585616	0.034462152429908674
0.168	0.682151570003722	0.03260795037728558
0.169	0.6144683345062825	0.03071275568578273
0.17	0.5601226655238211	0.028791795486565082
0.171	0.5062350134569317	0.026859974724895003
0.17200000000000001	0.6127726813742651	0.02493176255460012
0.17300000000000001	0.3497904648826968	0.02302108675440305
0.17400000000000002	0.39993928327571987	0.02114123650103252
0.17500000000000002	0.4064333436871611	0.019304773796593656
0.17600000000000002	0.33786333846547845	0.017523453809286604
0.177	0.2713863567500384	0.015808154346700576
0.178	0.2694745099237629	0.014168814639118916
0.179	0.25889044454228255	0.012614383566271281
0.18	0.23799562713348524	0.011152777414553651
0.181	0.21152066173247608	0.009790847202879947
0.182	0.17914216558331136	0.008534355564075708
0.183	0.12717088890747724	0.0073879631152884906
0.184	0.0874067997674314	0.006355224195551791
0.185	0.10639689947445498	0.005438591791817898
0.186	0.08158566818758535	0.00463943141695391
0.187	0.07992391422278525	0.003958043644942512
0.188	0.061579026961687655	0.003393694950483136
0.189	0.06197818497386143	0.002944656443020088
0.19	0.046674196027033814	0.0026082500296469354
0.191	0.041038820061074635	0.0023809014880772006
0.192	0.047110937437809544	0.0022581998806538535
0.193	0.04971417570614207	0.00223496269391015
0.194	0.04670975074289585	0.0023053060461722306
0.195	0.051283163919597245	0.0024627192687510947
0.196	0.05661934234787535	0.002700143134993194
0.197	0.07144247922022147	0.003010050986363419
0.198	0.07415734345064906	0.0033845319862648112
0.199	0.07520547602469978	0.0038153757208130943
0.2	0.09225224046690593	0.00429415736155083
0.201	0.09497550020851575	0.004812322608274147
0.202	0.11125961933373932	0.00536127164082964
0.203	0.11260490027075223	0.005932441326891105
0.20400000000000001	0.1332037618567553	0.006517384958216892
0.20500000000000002	0.13043857775683118	0.007107848820491415
0.20600000000000002	0.18088433156721886	0.007695844941249513
0.20700000000000002	0.1501687749167475	0.008273719406151837
0.20800000000000002	0.16190625273113565	0.008834215685534113
0.20900000000000002	0.2063732189676691	0.00937053247011242
0.21	0.18493125214655975	0.00987637557635273
0.211	0.1922248672849671	0.010346003547605507
0.212	0.23086528994746763	0.010774266645910137
0.213	0.21721981581424343	0.01115663900060777
0.214	0.2647377488466336	0.011489243752743005
0.215	0.23745705470808784	0.011768871107856939
0.216	0.24226172619238004	0.011992989283337318
0.217	0.19330680918652354	0.012159748409168194
0.218	0.24855466619680605	0.012267977511896793
0.219	0.27035951410587455	0.01231717478012715
0.22	0.22820206191087317	0.012307491375110693
0.221	0.2590550452022976	0.012239709111335508
0.222	0.2434266403607512	0.01211521238877601
0.223	0.25972365612048587	0.011935954810072983
0.224	0.23725926996639965	0.011704420961863589
0.225	0.21573249669481323	0.011423583879337286
0.226	0.22544461686466297	0.011096858746505556
0.227	0.24023209727833236	0.010728053411370906
0.228	0.21060921253026887	0.010321316314981432
0.229	0.18574249684652053	0.009881082446164554
0.23	0.15780908203870042	0.009412017939536185
0.231	0.2004642222889052	0.008918963933256273
0.232	0.16969938701987217	0.008406880295104465
0.233	0.1439511502900856	0.00788078981101551
0.234	0.1554084753031076	0.007345723409557175
0.23500000000000001	0.11696936198817048	0.006806666969328994
0.23600000000000002	0.1315124910310215	0.006268510224353168
0.23700000000000002	0.10063750620781249	0.005735998245716282
0.23800000000000002	0.10706419924311139	0.005213685936547756
0.23900000000000002	0.11946036097420841	0.004705895932474595
0.24000000000000002	0.07542295710911456	0.004216680251591008
0.241	0.07411837828724853	0.003749785987363298
0.242	0.07184603058523008	0.0033086252854160787
0.243	0.06037841923120232	0.0028962497914710172
0.244	0.04512378025535603	0.00251532970349508
0.245	0.04441100143152805	0.0021681375070092455
0.246	0.0348670409297929	0.0018565364191365206
0.247	0.031583110381467716	0.001581973514932646
0.248	0.031418215516572714	0.0013454774594115796
0.249	0.02460673018775595	0.0011476607209779048
0.25	0.022258585522868177	0.0009887260971913345
0.251	0.019081925943723623	0.000868477342347628
0.252	0.01622010413485836	0.0007863336486403924
0.253	0.013888758772174875	0.0007413476989911025
0.254	0.015671910613094513	0.0007322269802580317
0.255	0.01655892568379326	0.0007573580206578312
0.256	0.017575015433389227	0.0008148331949920798
0.257	0.017950427118161714	0.0009024797257397686
0.258	0.01712820608447386	0.00101789049726976
0.259	0.023489513070693625	0.0011584562942999815
0.26	0.029456061480768847	0.0013213990741824675
0.261	0.03326787742385435	0.0015038058854720884
0.262	0.0305688064623998	0.0017026630523402652
0.263	0.038494831488859564	0.001914890255477979
0.264	0.05225376092986079	0.002137374154908649
0.265	0.048819626698482624	0.002367001218283127
0.266	0.04839960408810264	0.0026006894394078293
0.267	0.05212520799528866	0.002835418655591928
0.268	0.057814473735088426	0.003068259198504994
0.269	0.07042777112426246	0.003296398641211078
0.27	0.06789481833690618	0.0035171664334876403
0.271	0.06262643760217426	0.003728056248041742
0.272	0.07106217372065202	0.003926745891403886
0.273	0.08736777069243377	0.004111114664722921
0.274	0.09353905858432814	0.0042792580910303284
0.275	0.07796988744256174	0.004429499956433857
0.276	0.07807729171106066	0.004560401642808866
0.277	0.08070007907122959	0.004670768758573401
0.278	0.09975577406565563	0.0047596551017849665
0.279	0.0881011590683712	0.004826364015836691
0.28	0.08965968001657233	0.004870447222244315
0.281	0.08573658493775883	0.004891701237224426
0.28200000000000003	0.10008046399530597	0.004890161498821652
0.28300000000000003	0.09393515414524649	0.004866094349137124
0.28400000000000003	0.09943597138896672	0.0048199870316636695
0.28500000000000003	0.09498800447675626	0.00475253587679915
0.28600000000000003	0.10351579812770326	0.004664632859273428
0.28700000000000003	0.10688650983448371	0.004557350719501347
0.28800000000000003	0.07460429556605279	0.004431926846805892
0.28900000000000003	0.09809094052160347	0.004289746126109003
0.29	0.07555100607531696	0.004132322951152286
0.291	0.08229326745033205	0.003961282606694724
0.292	0.07065816488546016	0.0037783422195654275
0.293	0.06267503381042994	0.003585291474066884
0.294	0.07198404706850427	0.003383973281178383
0.295	0.06314198158072945	0.0031762645834609495
0.296	0.06643077827420413	0.002964057468677301
0.297	0.05864534315263745	0.002749240755083357
0.298	0.04485628877122705	0.0025336822002880277
0.299	0.043991730602578744	0.002319211473683481
0.3	0.044163965084129175	0.0021076040198815425
0.301	0.040281900269678476	0.0019005659275105
0.302	0.03385056095798412	0.0016997199042818722
0.303	0.029235162814587393	0.0015065924455697458
0.304	0.024178712366171848	0.0013226022699900758
0.305	0.019871667348400308	0.0011490500817463124
0.306	0.019783224742749825	0.0009871097059337064
0.307	0.018014276004399674	0.0008378206296686113
0.308	0.010576963738735314	0.0007020819689231452
0.309	0.012836626732349544	0.0005806478683782407
0.31	0.010878964217757036	0.0004741243295309512
0.311	0.006343686124323671	0.0003829674507634412
0.312	0.005441252146858166	0.000307483052152835
0.313	0.005518875378614508	0.0002478276475151496
0.314	0.003727556000183809	0.00020401071656674986
0.315	0.004114789409737751	0.0001758982211808859
0.316	0.0024900730155290834	0.00016321730153581653
0.317	0.0032259215094332986	0.0001655620805103904
0.318	0.003553350280871618	0.00018240049799398688
0.319	0.004175245948559475	0.00021308209084741224
0.32	0.005322954328277881	0.00025684662908363146
0.321	0.0056899114640426365	0.00031283351443329874
0.322	0.008908879075737843	0.00038009184381876794
0.323	0.008825346635273658	0.0004575910373789059
0.324	0.010049454550163206	0.0005442319285609036
0.325	0.012719499384987246	0.0006388582124185566
0.326	0.013245319399549758	0.000740268147621978
0.327	0.016868992670329538	0.0008472264077826914
0.328	0.018476336633157207	0.0009584759785203766
0.329	0.02197666988681035	0.0010727499982311826
0.33	0.02197003580621693	0.0011887834427494256
0.331	0.02491615399077407	0.0013053245570071178
0.332	0.02401293622494863	0.0014211459403726116
0.333	0.02726018032420608	0.0015350551965664068
0.334	0.028143033112401974	0.0016459050638868659
0.335	0.03462890245774837	0.0017526029469000356
0.336	0.03338315215907545	0.0018541197767250835
0.337	0.03667354126614182	0.0019494981335430176
0.338	0.032601995858773505	0.0020378595719293974
0.339	0.039221816757240915	0.0021184110970173444
0.34	0.03559242764411528	0.0021904507472837206
0.341	0.04495997011477397	0.0022533722478652665
0.342	0.050849335570380634	0.0023066687066925873
0.343	0.0515687580958805	0.0023499353343160935
0.34400000000000003	0.05542563555946799	0.0023828711770209985
0.34500000000000003	0.04670771191384113	0.002405279861619103
0.34600000000000003	0.04565239258983543	0.0024170693590896404
0.34700000000000003	0.04797622359830005	0.0024182507829448837
0.34800000000000003	0.044108733226945064	0.0024089362467420963
0.34900000000000003	0.049606760534144034	0.0023893358134743827
0.35000000000000003	0.048064142377509944	0.002359753577572326
0.35100000000000003	0.044848078915538665	0.002320582927860187
0.35200000000000004	0.04366329695453577	0.002272301046961274
0.353	0.04081954539124766	0.0022154627092661125
0.354	0.04298740011488219	0.0021506934455979405
0.355	0.03828881483434909	0.0020786821480707238
0.356	0.042045656479648946	0.0020001731932794225
0.357	0.040551074762382164	0.0019159581658416379
0.358	0.0329739836581801	0.0018268672673814176
0.359	0.03720783984429457	0.001733760498276647
0.36	0.03100469472547525	0.001637518700855056
0.361	0.027824767915040294	0.0015390345532050372
0.362	0.031174023695791152	0.0014392036023588382
0.363	0.028726575255608386	0.0013389154243106586
0.364	0.022322326172876012	0.001239044996163572
0.365	0.02367882416500291	0.0011404443626791938
0.366	0.02003742510642748	0.0010439346756658209
0.367	0.01699197758666755	0.0009502986800249939
0.368	0.016728691627504393	0.0008602737149342185
0.369	0.019509280775310226	0.0007745452926337546
0.37	0.015813060826091813	0.0006937413106743538
0.371	0.012440356510201131	0.0006184269463441067
0.372	0.010604983676175917	0.0005491002744060443
0.373	0.010235934260541906	0.0004861886413278997
0.374	0.007733348247433376	0.0004300458209605283
0.375	0.007960126767352433	0.0003809499682134692
0.376	0.006371997828493028	0.0003391023787781993
0.377	0.006786173767842574	0.00030462705445627697
0.378	0.006596559127733511	0.0002775710652541047
0.379	0.004705121646514974	0.0002579056912005838
0.38	0.0051145632637475714	0.000245528318917772
0.381	0.005019914835169842	0.00024026506041292377
0.382	0.005661991815386705	0.00024187405444384106
0.383	0.005145142579244724	0.0002500494042125694
0.384	0.0054604772030631115	0.00026442569913339613
0.385	0.005995843947790451	0.00028458306306004686
0.386	0.005950032694411382	0.0003100526666964271
0.387	0.007136969927949446	0.00034032263799856094
0.388	0.00739443957313989	0.0003748443012370542
0.389	0.008028095366511728	0.00041303867305422846
0.39	0.008041351943947783	0.00045430314233322727
0.391	0.011698573318814512	0.000498018260003237
0.392	0.00947477238875528	0.000543554565031337
0.393	0.011093206760707767	0.0005902793737833034
0.394	0.011988307439453954	0.0006375634616501771
0.395	0.013184528516560112	0.0006847875683024837
0.396	0.012828918617149913	0.0007313486611097088
0.397	0.014797005072362219	0.0007766658951010659
0.398	0.014442479965205143	0.0008201862122901038
0.399	0.01589255922405494	0.0008613895281792063
0.4	0.019528206519519725	0.0008997934587346029
0.401	0.02160049662007344	0.0009349575470070934
0.402	0.02074266957333319	0.0009664869547944329
0.403	0.017543294519411515	0.000994035591221476
0.404	0.02255217534898496	0.0010173086567754062
0.405	0.020579880125999685	0.0010360645880970693
0.406	0.02400756401176802	0.0010501163956170702
0.40700000000000003	0.0219077322212583	0.0010593323928598142
0.40800000000000003	0.017663829878265258	0.001063636322845301
0.40900000000000003	0.021678227475700567	0.0010630068934253543
0.41000000000000003	0.019829838826525475	0.0010574767395302232
0.41100000000000003	0.019479599942679383	0.0010471308361098477
0.41200000000000003	0.02076366193974596	0.0010321043909733841
0.41300000000000003	0.02386315514679119	0.0010125802517087178
0.41400000000000003	0.018922391262201268	0.0009887858653545372
0.41500000000000004	0.020985345286401162	0.0009609898334620309
0.41600000000000004	0.018631201418740702	0.000929498108588963
0.41700000000000004	0.018178569338366056	0.0008946498810908838
0.418	0.017585694331384384	0.0008568132072946464
0.419	0.017029120673214406	0.0008163804317479349
0.42	0.017559499894777814	0.0007737634572320397
0.421	0.01423431586843191	0.000729388916607444
0.422	0.015278127004529154	0.0006836933003439678
0.423	0.012776107452338311	0.0006371180927865601
0.424	0.012748710153466543	0.0005901049688479178
0.425	0.010277779510548734	0.0005430911009291154
0.426	0.009334848905645761	0.000496504623484272
0.427	0.008783449046120658	0.0004507602998035489
0.428	0.008278058228087717	0.0004062554323343507
0.429	0.006533059525932353	0.0003633660542397609
0.43	0.005992294447993524	0.00032244343595572416
0.431	0.005741263337652718	0.00028381093630601043
0.432	0.004821182238923449	0.00024776122331972403
0.433	0.0040518756345457275	0.0002145538853240201
0.434	0.00446721316635572	0.00018441344820919052
0.435	0.0030298841903387713	0.00015752781003807028
0.436	0.0026773335238342998	0.00013404709944961232
0.437	0.0020848044411780507	0.00011408295963880766
0.438	0.001549540277283621	9.77082551308299e-05
0.439	0.0017078866599931684	8.495719415299398e-05
0.44	0.0016499272411089935	7.582585518724509e-05
0.441	0.0016189878786582329	7.027310229841792e-05
0.442	0.0014310167647199942	6.822187011584875e-05
0.443	0.001514467633654391	6.956079593015503e-05
0.444	0.001394969853286067	7.414617328121531e-05
0.445	0.0019878521943310946	8.180419868108029e-05
0.446	0.001661991373695824	9.233348075576733e-05
0.447	0.0021942552653004673	0.00010550777911704378
0.448	0.002200235082222948	0.00012107893869922361
0.449	0.0025396287704003272	0.00013877998412200327
0.45	0.0028465814203081892	0.00015832833786926488
0.451	0.003264958356788193	0.00017942912570213736
0.452	0.003930090300701121	0.00020177853274490313
0.453	0.0044144709142083524	0.00022506717408304856
0.454	0.005749818949523482	0.00024898344447884597
0.455	0.00585843493031242	0.0002732168129229001
0.456	0.005734921422356667	0.00029746102917848434
0.457	0.006341863642582134	0.00032141721121532865
0.458	0.007225696804941982	0.00034479678444386454
0.459	0.0075331031639773146	0.00036732424592161335
0.46	0.007691915215066819	0.0003887397291799502
0.461	0.009327570977803977	0.00040880134798051303
0.462	0.008550507092220163	0.0004272873001237849
0.463	0.00870223530465396	0.0004439977153646307
0.464	0.00934848992527206	0.0004587562345079844
0.465	0.010985398074028018	0.00047141130982928227
0.466	0.008091508230372156	0.00048183722005613536
0.467	0.009459709508373262	0.000489934796228341
0.468	0.008646831586797129	0.0004956318577919993
0.46900000000000003	0.01036375560821654	0.0004988833612507475
0.47000000000000003	0.010558878172843195	0.0004996712665652569
0.47100000000000003	0.0079370070648161	0.0004980041292350013
0.47200000000000003	0.008032756371679429	0.0004939164285899846
0.47300000000000003	0.01116688215169753	0.0004874676452426292
0.47400000000000003	0.010857252113189988	0.0004787411028818228
0.47500000000000003	0.009928974322403143	0.0004678425916150295
0.47600000000000003	0.010198530060640242	0.0004548987918656652
0.47700000000000004	0.008702502627644191	0.00044005551939957214
0.47800000000000004	0.00917219955963072	0.0004234758133768155
0.47900000000000004	0.00925010309636418	0.00040533789039636246
0.48000000000000004	0.007038710280306255	0.00038583298831712797
0.481	0.00695396805673108	0.00036516312419775034
0.482	0.006529298228452689	0.0003435387910000788
0.483	0.006386616895608192	0.00032117661775097413
0.484	0.005627684824106194	0.0002982970176592929
0.485	0.005107710372631148	0.00027512184824769146
0.486	0.004147545740058297	0.00025187210689212513
0.487	0.004641031248451703	0.0002287656842775889
0.488	0.004562711564391303	0.00020601519719042709
0.489	0.0028467378938358935	0.00018382592079102436
0.49	0.003354456736913813	0.00016239383906240182
0.491	0.0030791132164134033	0.00014190383052870638
0.492	0.0022208371863687818	0.00012252800460164285
0.493	0.0022371123829615152	0.00010442420206290694
0.494	0.002017637515914042	8.773467124718178e-05
0.495	0.0012351967233691155	7.258492947464303e-05
0.496	0.0012030710422148263	5.9082817215462484e-05
0.497	0.0008762493737007121	4.731775037320922e-05
0.498	0.0008094708386257195	3.7360173970500496e-05
0.499	0.0005575989716239453	2.9261218429851117e-05
0.5	0.0005012885930291116	2.3052557585834935e-05
0.501	0.00034354841129606475	1.8746465561063235e-05
0.502	0.00031132617907605597	1.6336067706980834e-05
0.503	0.00029229769896647775	1.5795778968707684e-05
0.504	0.0004381245427830217	1.7081921297662245e-05
0.505	0.00045075311065085103	2.0133510121557238e-05
0.506	0.0005689515599647978	2.487319840219298e-05
0.507	0.0006229453506603057	3.1208365479280015e-05
0.508	0.0008223283421973661	3.9032336723602955e-05
0.509	0.0011025907464844026	4.822571901371692e-05
0.51	0.0012295881774337907	5.865783621372833e-05
0.511	0.0014985805872730486	7.018824817040945e-05
0.512	0.0017828073880791742	8.266833626879177e-05
0.513	0.001949811307916435	9.594293828760778e-05
0.514	0.001700798553979918	0.00010985201517858778
0.515	0.0025006769787109767	0.00012423233245409686
0.516	0.0030452631747304574	0.00013891913910139004
0.517	0.0030756333950470553	0.0001537478273428825
0.518	0.0030882210663590696	0.00016855555712235758
0.519	0.0029914329043955303	0.00018318282990795556
0.52	0.0038367299127444795	0.00019747499725332958
0.521	0.004272382335964784	0.0002112836905367833
0.522	0.00406187188972406	0.00022446815939159418
0.523	0.0043464128164516155	0.00023689650753517524
0.524	0.005125565136334018	0.00024844681598569924
0.525	0.0061880302162649215	0.000259008145007052
0.526	0.00569281192785805	0.0002684814075309171
0.527	0.004913632310910424	0.00027678010825253374
0.528	0.00612501624564481	0.00028383094406839144
0.529	0.006318012276123362	0.00028957426300393516
0.53	0.006013172578847132	0.00029396438025185265
0.531	0.004803878936847427	0.00029696975139163474
0.532	0.006935779068812738	0.00029857300427438136
0.533	0.005951918834707495	0.00029877083241966907
0.534	0.004889536182738358	0.0002975737540708615
0.535	0.005522860621927678	0.0002950057422798282
0.536	0.004442367373773649	0.0002911037325309676
0.537	0.004708369036979043	0.0002859170154583012
0.538	0.005909363774832189	0.0002795065231500641
0.539	0.004975928066471212	0.00027194401836589305
0.54	0.005915483254218293	0.0002633111967069675
0.541	0.005159220116410645	0.00025369871237528784
0.542	0.004857409458250141	0.00024320513863213217
0.543	0.00502478917664954	0.00023193587441630638
0.544	0.004920725659277774	0.0002200020088103913
0.545	0.00413701006034358	0.00020751915514914335
0.546	0.003918134732082334	0.00019460626655140264
0.547	0.004175846101406286	0.00018138444452904924
0.548	0.0031790966789719097	0.0001679757520889833
0.549	0.0033298280294261256	0.0001545020424025296
0.55	0.0027509777312022775	0.00014108381367828983
0.551	0.002437815979060426	0.00012783910034671695
0.552	0.002373500473440533	0.00011488241005610462
0.553	0.0020500481090140145	0.00010232371529908078
0.554	0.0016141053611442371	9.026750774533087e-05
0.555	0.00162527534702812	7.8811922559869e-05
0.556	0.0014814208526481194	6.804793914629926e-05
0.557	0.001244563071311077	5.805866388109852e-05
0.558	0.0010314990555766216	4.891869950761794e-05
0.559	0.0008552628200383445	4.069360494686706e-05
0.56	0.0006193199122229528	3.3439448365331593e-05
0.561	0.0006197570218057757	2.7202455427111443e-05
0.562	0.00044663710260779384	2.2018753756812003e-05
0.5630000000000001	0.00039310962982047105	1.7914213758869703e-05
0.5640000000000001	0.00025871062726441917	1.4904385085565105e-05
0.5650000000000001	0.0002856934072956894	1.2994527226547955e-05
0.5660000000000001	0.0001916603864477241	1.2179731913243786e-05
0.5670000000000001	0.0002590268975954478	1.2445134297276538e-05
0.5680000000000001	0.0002960619282399276	1.37662091775818e-05
0.5690000000000001	0.00029762661378699085	1.6109147920020817e-05
0.5700000000000001	0.0003322908734300548	1.9431311139141992e-05
0.5710000000000001	0.0005612194608570493	2.3681751696666578e-05
0.5720000000000001	0.0005681277688535239	2.880180211703858e-05
0.5730000000000001	0.0007853480738643779	3.472572012804484e-05
0.5740000000000001	0.0007275640699621384	4.138138570456299e-05
0.5750000000000001	0.0009539587494679252	4.869104272584464e-05
0.5760000000000001	0.0010205429068639456	5.657207815079501e-05
0.5770000000000001	0.001405364378416743	6.493783147040249e-05
0.578	0.001416280560512905	7.369842711036095e-05
0.579	0.0017981649905599085	8.276162242816228e-05
0.58	0.0019487298631773353	9.203366397542491e-05
0.581	0.0018722861721816482	0.00010142014477564042
0.582	0.0018050926307743625	0.0001108268554972008
0.583	0.0022435009088185927	0.00012016062257893991
0.584	0.0025048285920154425	0.0001293301265875709
0.585	0.0026893297087939244	0.0001382466943504817
0.586	0.0029478955832590785	0.00014682505871045057
0.587	0.0033366382166111785	0.0001549840800879854
0.588	0.002458804307471638	0.0001626474244093121
0.589	0.003226936536722528	0.00016974419236058457
0.59	0.0038040496080352657	0.00017620949535885355
0.591	0.003948873759371876	0.00018198497408482089
0.592	0.003344606719175872	0.00018701925589873728
0.593	0.0050212640156006285	0.00019126834795612265
0.594	0.004043209720669927	0.00019469596335167718
0.595	0.0037347174820625976	0.00019727377814500848
0.596	0.003326849154769728	0.00019898161765801673
0.597	0.004360533675953596	0.0001998075709781492
0.598	0.0033371774827681156	0.00019974803315157575
0.599	0.003781650624208206	0.00019880767510281066
0.6	0.0035624418689020635	0.00019699934186955862
0.601	0.004223006318453775	0.00019434388029069288
0.602	0.003457035842971744	0.00019086989782820933
0.603	0.003097921489515789	0.00018661345473768723
0.604	0.0035936174398021247	0.00018161769232297783
0.605	0.0031281883875402625	0.000175932400516266
0.606	0.003479548077305034	0.0001696135285109242
0.607	0.0036940216837893776	0.00016272264263822355
0.608	0.003893602575982847	0.00015532633611651798
0.609	0.002818487471786614	0.000147495595709397
0.61	0.0027270950702911957	0.00013930513070396807
0.611	0.0028158425735153266	0.0001308326699584095
0.612	0.0027628462495362114	0.00012215823306572905
0.613	0.00186840633145272	0.00011336338193498207
0.614	0.0020629010463729214	0.0001045304592988764
0.615	0.0020718352415105635	9.57418208147027e-05
0.616	0.0018383704603423987	8.707906753127901e-05
0.617	0.0018574030835867826	7.862228554558051e-05
0.618	0.0014415148760430901	7.044929966700546e-05
0.619	0.0012871087902702008	6.2634947843136e-05
0.62	0.0009282157430641972	5.525038297730873e-05
0.621	0.0010411462252654167	4.836240858458243e-05
0.622	0.0009492790515612355	4.203285448882251e-05
0.623	0.0006659794747487546	3.6317998460007095e-05
0.624	0.0005626959091072987	3.126803932870839e-05
0.625	0.0005653385103506557	2.6926626695736178e-05
0.626	0.0004244989977189064	2.333045188158431e-05
0.627	0.00043236442483318054	2.0508904235698715e-05
0.628	0.0003440613294549504	1.84837963534107e-05
0.629	0.0003481239513612993	1.7269161133043618e-05
0.63	0.00032183505270737945	1.687112295223657e-05
0.631	0.0003298381029785879	1.728784455650663e-05
0.632	0.00031219170112333394	1.8509550540666215e-05
0.633	0.0003693252605104966	2.0518627571541713e-05
0.634	0.00047515238207441655	2.3289800755584155e-05
0.635	0.0005606896944251943	2.6790384804848734e-05
0.636	0.0006834108531549958	3.098060790715289e-05
0.637	0.0007020109283329493	3.581400546891394e-05
0.638	0.0008183902382662298	4.123788018021321e-05
0.639	0.0008789224499925823	4.719382415905375e-05
0.64	0.0011068288957756603	5.361829827350371e-05
0.641	0.001239942023498409	6.044326312412652e-05
0.642	0.0012916659435447892	6.759685560230422e-05
0.643	0.0018941286085588233	7.500410442966685e-05
0.644	0.0017291649820629505	8.258767763653343e-05
0.645	0.0017709842748786706	9.026865455877747e-05
0.646	0.0019100429327167398	9.796731462839465e-05
0.647	0.00233125424304337	0.00010560393500736035
0.648	0.0024482262000694523	0.00011309958897129385
0.649	0.0028681680743983425	0.00012037693689112223
0.65	0.0023678683834997094	0.00012736100168979464
0.651	0.002566725278806403	0.0001339799207673769
0.652	0.0030480857404605916	0.00014016566659169212
0.653	0.002948633144019929	0.00014585472844164736
0.654	0.0034022964921353537	0.00015098874816417155
0.655	0.0032467897971200105	0.00015551510325998276
0.656	0.0027117815617216058	0.00015938743114389932
0.657	0.002963969988050775	0.00016256608902660342
0.658	0.003622011931941673	0.00016501854453074673
0.659	0.00294595189268687	0.00016671969287763717
0.66	0.0035434337229522206	0.00016765209725394672
0.661	0.003173357445464682	0.00016780614978221793
0.662	0.003845960050570806	0.00016718015136545756
0.663	0.0035129501718424057	0.0001657803095452283
0.664	0.0028957916626813182	0.00016362065439449883
0.665	0.003407349322283508	0.00016072287335099943
0.666	0.0030477943723042746	0.00015711606677374808
0.667	0.0026221733260830176	0.0001528364268646059
0.668	0.002857015511614792	0.00014792684342819292
0.669	0.002751760048293014	0.00014243644073749385
0.67	0.0029862736742119807	0.00013642005051980047
0.671	0.00258464060465577	0.00012993762676937265
0.672	0.0025960796243519706	0.00012305360872141627
0.673	0.002334883886296641	0.00011583623887909486
0.674	0.0019127430464002898	0.00010835684346505732
0.675	0.0020803286204728	0.00010068908306547251
0.676	0.0019059589574532613	9.290818154363227e-05
0.677	0.0023306772794831837	8.509014151783863e-05
0.678	0.0016101715231143436	7.731095482255769e-05
0.679	0.0014087536512608183	6.964581640111838e-05
0.68	0.0011839955567634305	6.216835001254494e-05
0.681	0.0009806108651479657	5.494985397551043e-05
0.682	0.0008765862561446558	4.805857492094048e-05
0.683	0.0008164873215111357	4.155901718476635e-05
0.684	0.0006317596567252442	3.551129504818407e-05
0.685	0.000535766500576542	2.9970534529517978e-05
0.686	0.00044305177096493027	2.4986330856046486e-05
0.687	0.0003933264999758379	2.0602267102670077e-05
0.6880000000000001	0.00040237535636605565	1.6855498785084372e-05
0.6890000000000001	0.00022908523142715104	1.377640844665893e-05
0.6900000000000001	0.00023431968321555675	1.1388333489330642e-05
0.6910000000000001	0.00021929701833458057	9.707369679185074e-06
0.6920000000000001	0.0001768790899080952	8.742251916460562e-06
0.6930000000000001	0.00018180531184475908	8.494313007546708e-06
0.6940000000000001	0.00017361438259282615	8.957520322968e-06
0.6950000000000001	0.00021694762798151956	1.0118589380221679e-05
0.6960000000000001	0.00017543800404484883	1.1957172563317227e-05
0.6970000000000001	0.0002730602169291459	1.444612039122433e-05
0.6980000000000001	0.0003327759171322192	1.755181198412244e-05
0.6990000000000001	0.0004876683995106952	2.1234550657599082e-05
0.7000000000000001	0.00047772796913459094	2.5449019908610872e-05
0.7010000000000001	0.000606470879069818	3.01447944499461e-05
0.7020000000000001	0.0006544800272625104	3.526690040843465e-05
0.7030000000000001	0.0009008929851407071	4.0756418331484254e-05
0.7040000000000001	0.0010447294570270567	4.6551122251146755e-05
0.705	0.0010090943335333156	5.25861477382964e-05
0.706	0.0012931316316913517	5.879468164412744e-05
0.707	0.0011847275383384853	6.510866607358167e-05
0.708	0.0014583857531900812	7.145950906591218e-05
0.709	0.0014384370498977505	7.777879447114035e-05
0.71	0.001666755331546525	8.399898360589525e-05
0.711	0.0016769466113375924	9.005410144614717e-05
0.712	0.0018518448936733936	9.588040036404343e-05
0.713	0.002062598998609752	0.00010141699473770264
0.714	0.0018531469891198832	0.00010660646015154862
0.715	0.0023239831544180772	0.00011139539135513583
0.716	0.0025865570292060757	0.00011573491365443954
0.717	0.00217264007808261	0.00011958114296479225
0.718	0.0025962914767918887	0.000122895590351912
0.719	0.0025637984045881507	0.00012564550751983429
0.72	0.0024302106992970616	0.00012780417036417939
0.721	0.002760654241298485	0.0001293510983887634
0.722	0.0025324828120049845	0.00013027220847518177
0.723	0.002593063896883724	0.00013055990219116626
0.724	0.0027342148315272416	0.00013021308651671383
0.725	0.0028329245242488177	0.00012923712854991576
0.726	0.0025376834680314055	0.00012764374542013256
0.727	0.0020433403084163214	0.0001254508312779962
0.728	0.002153873327236908	0.00012268222384354306
0.729	0.002599485788756474	0.00011936741356980076
0.73	0.002783236973672288	0.00011554119901424547
0.731	0.0025383742074293115	0.0001112432925000936
0.732	0.00198189781581914	0.00010651788058929687
0.733	0.0018217067122709354	0.00010141314427615847
0.734	0.0019145268358419214	9.598074414169423e-05
0.735	0.0016161505122603951	9.027527598238207e-05
0.736	0.0016632315892726103	8.43537026410551e-05
0.737	0.0015904098983168548	7.827476792186775e-05
0.738	0.0015057843640882607	7.209839856498175e-05
0.739	0.0012596784114198504	6.588510029061937e-05
0.74	0.0013698292550606383	5.969535389711526e-05
0.741	0.0012072708969054823	5.358901731528629e-05
0.742	0.0008980063650315536	4.7624739383770955e-05
0.743	0.0006236128816147913	4.18593909195065e-05
0.744	0.0008448901958015421	3.634751841709718e-05
0.745	0.0006428438281129882	3.114082542394802e-05
0.746	0.0005833250795906289	2.628768630804281e-05
0.747	0.00044375514008614353	2.1832696766495876e-05
0.748	0.00035623246867651925	1.781626501923246e-05
0.749	0.0002901528094682934	1.4274247198117788e-05
0.75	0.00023047083927506715	1.123762998185284e-05
0.751	0.0002002927773383308	8.732263045662604e-06
0.752	0.00015431364036573388	6.778643397033629e-06
0.753	0.00010058602054435195	5.391753159033224e-06
0.754	8.64795797688406e-05	4.580951845930962e-06
0.755	0.00010084373135532908	4.349923656494044e-06
0.756	9.615716457113854e-05	4.696679793010942e-06
0.757	0.00010117140992238504	5.613615303269952e-06
0.758	0.00013753249698549374	7.0876194426285e-06
0.759	0.00019040168260950327	9.10023806810155e-06
0.76	0.00024436349432324856	1.1627886109935589e-05
0.761	0.00034495698373103825	1.4642107722165948e-05
0.762	0.00032604317169374227	1.8109881295557526e-05
0.763	0.0004813261199099016	2.199396612736463e-05
0.764	0.000565058949327424	2.625328718538282e-05
0.765	0.0005819340947796995	3.0843354081466786e-05
0.766	0.0007705058713160502	3.571671008438227e-05
0.767	0.0007114078646062423	4.082340675561546e-05
0.768	0.0008959367880259865	4.611149958621508e-05
0.769	0.001022669219081671	5.152755984946322e-05
0.77	0.0011942087532078919	5.701719776398829e-05
0.771	0.0012970897987219288	6.252559198587719e-05
0.772	0.0011537084037931172	6.799802041659201e-05
0.773	0.001412402878690079	7.338038732626945e-05
0.774	0.0014137020380411564	7.861974184896077e-05
0.775	0.0012313695531844559	8.366478300699079e-05
0.776	0.0016858577445587452	8.846634656495516e-05
0.777	0.0019183478139190803	9.297786919861585e-05
0.778	0.00218763594169578	9.715582568867274e-05
0.779	0.0019676416492324105	0.00010096013511195447
0.78	0.001993687478298885	0.00010435453230104857
0.781	0.0017028941732627775	0.00010730690117503618
0.782	0.002551611761571906	0.00010978956690617748
0.783	0.0020507218998587207	0.00011177954427700898
0.784	0.002469747173788668	0.00011325873999601831
0.785	0.002386791217728059	0.00011421410717438044
0.786	0.002519409839646691	0.0001146377506173833
0.787	0.0023342859313665375	0.0001145269820482019
0.788	0.0020600415608759423	0.0001138843248545675
0.789	0.00254956009816324	0.00011271746842633445
0.79	0.0019281989350154593	0.00011103917262974443
0.791	0.0019853497632359137	0.00010886712343791058
0.792	0.0021741773224487446	0.00010622374120236537
0.793	0.0019381067477332898	0.00010313594350301005
0.794	0.0018283138163611998	9.963486494927033e-05
0.795	0.0017988460522960483	9.575553671938405e-05
0.796	0.001962325366640984	9.15365290135679e-05
0.797	0.0021287253182824635	8.701955995639758e-05
0.798	0.001720964985791478	8.224907481046897e-05
0.799	0.0017003511625043454	7.727179965387567e-05
0.8	0.0015679888603957158	7.213627392521624e-05
0.801	0.0014643489095029132	6.689236644892258e-05
0.802	0.0012943975005519583	6.159077971841447e-05
0.803	0.001161940730875092	5.6282547332871714e-05
0.804	0.0010318314059079147	5.101852955392326e-05
0.805	0.0009537136772657468	4.5848911970018395e-05
0.806	0.0007115230985381661	4.0822712228383106e-05
0.807	0.0006327857543906884	3.598729971689262e-05
0.808	0.0006488324320003618	3.138793295165457e-05
0.809	0.000563762362358075	2.706731925131333e-05
0.81	0.00043510340262329316	2.30652010576641e-05
0.811	0.00043117493173981214	1.9417972996010196e-05
0.812	0.00032279782184131147	1.615833346028433e-05
0.8130000000000001	0.0002564280017091265	1.3314974160213222e-05
0.8140000000000001	0.0002403223655885262	1.0912310684117422e-05
0.8150000000000001	0.00015094796847944125	8.970256715089045e-06
0.8160000000000001	0.00014493878755908	7.5040440944560406e-06
0.8170000000000001	0.00012159899245445057	6.52409045912802e-06
0.8180000000000001	0.00014319169883080768	6.035915693423559e-06
0.8190000000000001	0.00012980423128023576	6.040107936363671e-06
0.8200000000000001	0.00013382621662714052	6.5323393773666155e-06
0.8210000000000001	0.00016414433031834577	7.5034315621989434e-06
0.8220000000000001	0.00018568510720094787	8.939469422320902e-06
0.8230000000000001	0.00019560654562805361	1.082196273985712e-05
0.8240000000000001	0.00030517227433009525	1.3128053272705488e-05
0.8250000000000001	0.00031614731988106816	1.583076529503726e-05
0.8260000000000001	0.00037227549102537665	1.8899296862718513e-05
0.8270000000000001	0.0004212745481000574	2.229934869583606e-05
0.8280000000000001	0.0005640611538932278	2.5993487186156702e-05
0.8290000000000001	0.0007073023729567123	2.9941537690047045e-05
0.8300000000000001	0.000706827742838929	3.4101003961155376e-05
0.8310000000000001	0.0008558652719735924	3.8427509315094144e-05
0.8320000000000001	0.0008486511867670975	4.287525490358717e-05
0.8330000000000001	0.0009545930233490676	4.739749031020954e-05
0.834	0.0009634327346410604	5.194699156581612e-05
0.835	0.001052335966426398	5.647654162028477e-05
0.836	0.0012851401564608826	6.0939408298761256e-05
0.837	0.0011468788554230922	6.528981481543294e-05
0.838	0.001357835013192305	6.94833980151238e-05
0.839	0.0015206589678977312	7.347764966180494e-05
0.84	0.0016456100672853516	7.723233629140997e-05
0.841	0.0016012961029264487	8.070989339209884e-05
0.842	0.0016340772024463724	8.387578996522312e-05
0.843	0.0016101906386947389	8.669885985154091e-05
0.844	0.0017392854170572335	8.915159657583562e-05
0.845	0.002167892933331147	9.121040886477758e-05
0.846	0.00173041590630845	9.285583442310248e-05
0.847	0.0020432655877881687	9.407271000705836e-05
0.848	0.0014452669695380483	9.485029630643796e-05
0.849	0.001903935887229744	9.518235663213547e-05
0.85	0.0015409364388443774	9.506718889950634e-05
0.851	0.0015016788821982344	9.450761089347466e-05
0.852	0.0020137324582980426	9.351089929377389e-05
0.853	0.0014193208460126193	9.2088683422567e-05
0.854	0.0016570406570064974	9.025679514666882e-05
0.855	0.0018669618696492923	8.803507681763578e-05
0.856	0.001831030364754235	8.544714956028677e-05
0.857	0.0011664422260999887	8.252014461923414e-05
0.858	0.0016143208429168171	7.928440083966046e-05
0.859	0.001605015572458953	7.577313168905789e-05
0.86	0.0016201418557819213	7.202206551773373e-05
0.861	0.001340669886172303	6.806906300472661e-05
0.862	0.0013177670039444089	6.395371594006619e-05
0.863	0.0012097529958768048	5.971693165231837e-05
0.864	0.0011165748990040875	5.5400507500763586e-05
0.865	0.0008527545523281724	5.104669991379958e-05
0.866	0.0009329632831651832	4.6697792468956705e-05
0.867	0.0008464414239203613	4.2395667475840004e-05
0.868	0.0009954522334193344	3.818138544214148e-05
0.869	0.0007532227996086358	3.409477667620986e-05
0.87	0.0006410729918649028	3.017404910933708e-05
0.871	0.00046109764072413363	2.6455416209408304e-05
0.872	0.0004204794999256935	2.2972748607648516e-05
0.873	0.00039150317285090836	1.9757252775094876e-05
0.874	0.0003566503819980403	1.6837179768668726e-05
0.875	0.00029533539792377263	1.423756672220493e-05
0.876	0.00026702474375374136	1.198001338948102e-05
0.877	0.00022172576709271542	1.0082495658622842e-05
0.878	0.00016590366094994797	8.55921755447554e-06
0.879	0.0001393883916375297	7.420502832268272e-06
0.88	0.00013484861231001228	6.672726846640614e-06
0.881	9.798241169116597e-05	6.318288959337116e-06
0.882	0.00011710499861786258	6.355625331145134e-06
0.883	0.00014414051316160998	6.779261533203769e-06
0.884	0.0001385090164531006	7.57990401389279e-06
0.885	0.00020782948972634322	8.744569074055726e-06
0.886	0.00021599396688545955	1.0256747639074593e-05
0.887	0.0002600416102153366	1.209660377474459e-05
0.888	0.00033876560271051386	1.4241204578127674e-05
0.889	0.00030703590723957404	1.6664778787457745e-05
0.89	0.00040794974459176277	1.933900119908089e-05
0.891	0.0003996277004525341	2.2233299756568666e-05
0.892	0.000582962282697393	2.531518198906082e-05
0.893	0.0007001638643374523	2.8550577324036744e-05
0.894	0.0006237025571346833	3.19041916848645e-05
0.895	0.0006483097809562191	3.533987070618164e-05
0.896	0.000860263619079538	3.882096786054684e-05
0.897	0.0008183225080857622	4.231071378754764e-05
0.898	0.0008708715531513766	4.577258315106006e-05
0.899	0.0010422606192238182	4.9170655420605964e-05
0.9	0.0011542449786675697	5.246996607744664e-05
0.901	0.0011068163047739622	5.563684488350488e-05
0.902	0.0012026102832786993	5.8639238019568186e-05
0.903	0.0012887953233308633	6.144701109624286e-05
0.904	0.0013850601949616666	6.403223026446413e-05
0.905	0.0013732105190541416	6.636941889935038e-05
0.906	0.0013202454909332932	6.84357875991214e-05
0.907	0.0013278339638061836	7.021143552667508e-05
0.908	0.0012316348661102433	7.167952142233457e-05
0.909	0.0015055540671726987	7.282640292901929e-05
0.91	0.001336236614778116	7.364174319264475e-05
0.911	0.0015388302428019811	7.411858402766946e-05
0.912	0.001654997816496458	7.425338526730696e-05
0.913	0.001728394709068314	7.404603024688758e-05
0.914	0.001420643752949168	7.349979769416407e-05
0.915	0.0014636284516857344	7.262130061907528e-05
0.916	0.0012419930042909901	7.142039310478596e-05
0.917	0.0014546910003582587	6.991004619904002e-05
0.918	0.001446341545399904	6.810619438742917e-05
0.919	0.0015874096233564068	6.602755439579366e-05
0.92	0.0012263128592132305	6.369541831539122e-05
0.921	0.0012726509621908055	6.113342326976666e-05
0.922	0.0012185128649037976	5.836730004468928e-05
0.923	0.0011452346345563462	5.542460328045373e-05
0.924	0.0008730759153475669	5.2334425978114576e-05
0.925	0.0008843039340996958	4.9127101196582404e-05
0.926	0.0008958366147265833	4.583389391528571e-05
0.927	0.0008408894884032315	4.248668610655664e-05
0.928	0.0008817146629843914	3.911765810276999e-05
0.929	0.0006366048359738705	3.575896935539669e-05
0.93	0.0007495400262945652	3.244244166665773e-05
0.931	0.0006632515428136047	2.919924792973313e-05
0.932	0.0005960346873171592	2.6059609341126136e-05
0.933	0.0004907167477557729	2.3052503949539697e-05
0.934	0.000375022575301352	2.020538928064376e-05
0.935	0.0003740531372885745	1.7543941627494918e-05
0.936	0.000288247473397171	1.509181442371269e-05
0.937	0.00023397287585455621	1.2870417922297989e-05
0.9380000000000001	0.00024171319338326015	1.0898722189132636e-05
0.9390000000000001	0.0001471924123768054	9.193085188593526e-06
0.9400000000000001	0.00018618985347997361	7.767107491528416e-06
0.9410000000000001	0.00011059212250658792	6.631514875283325e-06
0.9420000000000001	0.00010162247694767998	5.794069813916549e-06
0.9430000000000001	9.956947823493978e-05	5.259512576645761e-06
0.9440000000000001	0.00011268221346887368	5.029532366472007e-06
0.9450000000000001	0.00010477745006065299	5.102768641421304e-06
0.9460000000000001	0.00012066191312392599	5.474842470562181e-06
0.9470000000000001	0.0001117394583131678	6.13841748855534e-06
0.9480000000000001	0.00014088580329310618	7.083289728615424e-06
0.9490000000000001	0.00017972863400845745	8.296505337030323e-06
0.9500000000000001	0.0002114147602820868	9.762504905382717e-06
0.9510000000000001	0.00022090014125728463	1.1463292901813955e-05
0.9520000000000001	0.00029004472325593284	1.3378630442528687e-05
0.9530000000000001	0.00029831244614013516	1.5486249421484572e-05
0.9540000000000001	0.00037491073820504776	1.7762085812046966e-05
0.9550000000000001	0.00036369927289235275	2.018052977129093e-05
0.9560000000000001	0.00044933323725868037	2.271469001739797e-05
0.9570000000000001	0.0005669959218925055	2.533666981486033e-05
0.9580000000000001	0.0006258737976315475	2.8017851792367078e-05
0.9590000000000001	0.000537320636848052	3.072918873540218e-05
0.9600000000000001	0.0006425728822781468	3.34414974407817e-05
0.961	0.0008073412104153651	3.61257526940553e-05
0.962	0.0007551612099300842	3.875337843346924e-05
0.963	0.0008656441403186331	4.129653319597482e-05
0.964	0.0007345809633922037	4.372838700147622e-05
0.965	0.0010134302233222076	4.602338692062395e-05
0.966	0.0008756022241759309	4.8157508688213005e-05
0.967	0.0010647472510888025	5.010849186762683e-05
0.968	0.0011511915754252998	5.185605624038008e-05
0.969	0.0010810171805838399	5.338209728716208e-05
0.97	0.0009875679774394078	5.46708588408984e-05
0.971	0.0011231868642452298	5.570908122626992e-05
0.972	0.0008359165061212542	5.648612345142496e-05
0.973	0.0012823942229978351	5.699405828387509e-05
0.974	0.0010654310610892451	5.7227739321031214e-05
0.975	0.0011985967379857596	5.718483945371106e-05
0.976	0.001077785253971993	5.686586041526346e-05
0.977	0.0008706210400545944	5.627411340666318e-05
0.978	0.001073297112975815	5.541567108593535e-05
0.979	0.0011138608485356863	5.429929150543078e-05
0.98	0.001327130671882689	5.2936314869694075e-05
0.981	0.001097206041846828	5.134053426683994e-05
0.982	0.001054599978772873	4.952804179451858e-05
0.983	0.0009422747534548903	4.7517051754799596e-05
0.984	0.000880823219049558	4.532770282790114e-05
0.985	0.0007303360030972039	4.298184135010721e-05
0.986	0.0008503114950705445	4.050278801403362e-05
0.987	0.0007898061148137629	3.791509047760928e-05
0.988	0.0007754377965324369	3.5244264509770556e-05
0.989	0.0005318481430829839	3.251652641444546e-05
0.99	0.0007484873691166702	2.9758519558625474e-05
0.991	0.000594297965098023	2.6997037884260683e-05
0.992	0.0004597639705812542	2.4258749306752033e-05
0.993	0.0004407896774912332	2.156992189472964e-05
0.994	0.0003710837669154741	1.8956155686604745e-05
0.995	0.00032579297979163296	1.6442122929625897e-05
0.996	0.0003076362228825671	1.4051319427480572e-05
0.997	0.000249809299608307	1.1805829554140881e-05
0.998	0.00021564318295102942	9.726107335955336e-06
0.999	0.00017022061088939347	7.830775822803417e-06
1.0	0.00012945913832565706	6.1364467644166e-06
