0.001	998.1060674684802	44.962513797010104
0.002	792.0704614328044	44.85021985872983
0.003	899.2762391125652	44.66361162292071
0.004	1040.5128666117241	44.40350783037124
0.005	945.4616862243864	44.0710472476543
0.006	787.248121742115	43.66768127063407
0.007	800.4299116208011	43.195164519646056
0.008	788.2900375751277	42.655543503659004
0.009000000000000001	995.274148382191	42.05114344635949
0.010000000000000002	853.2887973941938	41.38455338183241
0.011	732.8471772781833	40.6586096412003
0.012	826.49049051544	39.87637786410559
0.013000000000000001	827.1717775138126	39.041133680155525
0.014000000000000002	656.9103195172684	38.15634221529763
0.015	758.2293624030107	37.22563658646923
0.016	842.3848915091794	36.252795554695034
0.017	673.7437233183485	35.24172051204085
0.018000000000000002	635.2243898950306	34.19641198142903
0.019000000000000003	701.3048815461826	33.120945810265866
0.02	599.2975886830802	32.01944923911909
0.021	674.5609535054481	30.89607702533025
0.022000000000000002	537.3589319227518	29.754987798485246
0.023	579.3156732173046	28.600320820144447
0.024	575.5567813998412	27.436173314215935
0.025	572.5829869362475	26.266578526922245
0.026000000000000002	518.4013314859994	25.095484666552814
0.027000000000000003	443.0942362665697	23.926734863219515
0.028	429.1693470491612	22.76404827775571
0.029	413.2690628881861	21.611002476847947
0.030000000000000002	414.2763147641192	20.471017178597585
0.031	357.54590129342535	19.347339459119482
0.032	385.1471978048394	18.243030496640944
0.033	403.34875615736723	17.160953915018073
0.034	320.7973189670532	16.103765773786645
0.035	299.1939551910818	15.073906236963797
0.036000000000000004	248.2048293395344	14.073592937961678
0.037000000000000005	252.59564667271508	13.104816043311837
0.038	258.96593940767764	12.16933500356798
0.039	232.58958201770287	11.26867696588976
0.04	234.19941023790287	10.40413680953624
0.041	163.64258667113887	9.57677875293151
0.042	148.38338661820328	8.787439469213275
0.043000000000000003	131.58911882481104	8.036732636332527
0.044000000000000004	164.19543009967606	7.325054837922654
0.045	129.3739117457796	6.652592722369327
0.046	119.1547511339941	6.019331319846377
0.047	111.77406443856155	5.4250634105808615
0.048	104.20076977857303	4.869399832303939
0.049	84.38286635131024	4.351780610748814
0.05	75.83713820498066	3.8714867941775966
0.051000000000000004	52.92357869336489	3.4276528712445513
0.052000000000000005	56.23769370200281	3.01927965101293
0.053000000000000005	49.84468676240834	2.6452474846013128
0.054	40.96749059274144	2.3043297096986293
0.055	39.83446043599107	1.995206201998202
0.056	32.27407757320014	1.7164769213961115
0.057	28.962535446785488	1.4666753455035202
0.058	25.56606524471778	1.2442816885561576
0.059000000000000004	18.64339049582816	1.0477358100798733
0.060000000000000005	16.898071172809384	0.8754497245970398
0.061	14.653153563363226	0.7258196311394649
0.062	13.737671474881344	0.5972373892709725
0.063	10.570907727121556	0.4881013766180444
0.064	9.379045388931988	0.396826671460108
0.065	6.884018858149998	0.3218545126443469
0.066	4.746379701550706	0.2616609978667247
0.067	4.51915327253917	0.21476499010860636
0.068	3.4364822802952557	0.1797352106478215
0.069	3.471079138468549	0.15519650549058384
0.07	2.6373833040276895	0.13983528021809338
0.07100000000000001	2.2541189062585305	0.1324041060373759
0.07200000000000001	2.570091328349341	0.13172550720521864
0.07300000000000001	2.292002207110291	0.13669494689981393
0.074	2.981144473652	0.14628303499753065
0.075	2.8809057456846823	0.15953698703081187
0.076	3.0847586559467284	0.17558136882441858
0.077	3.9996951752141126	0.1936181659062318
0.078	4.204324779721976	0.21292622074880155
0.079	4.887100139530752	0.23286008421003618
0.08	4.8435240502857075	0.25284833020473974
0.081	4.992766524012619	0.27239138465941487
0.082	5.897830319936893	0.2910589211940103
0.083	7.297850604860431	0.30848687675576664
0.084	6.208851916348735	0.324374140627471
0.085	7.091772684654073	0.33847896987607423
0.08600000000000001	7.259504556389461	0.35061518343323017
0.08700000000000001	6.148326733608672	0.3606481856462575
0.08800000000000001	8.217289549918899	0.36849086834912576
0.089	8.43057924689139	0.3740994383236084
0.09	7.730647014166358	0.3774692144981019
0.091	6.496366227687032	0.37863043641426875
0.092	8.861678016268973	0.3776441224288092
0.093	7.833177724269855	0.37459801285839434
0.094	8.673874372709346	0.3696026298685865
0.095	8.749833812667525	0.36278748239970726
0.096	7.801056560191079	0.3542974408596746
0.097	6.658437194442885	0.3442893027392324
0.098	6.397682851885842	0.3329285667595554
0.099	6.57816934100076	0.3203864296838535
0.1	6.829296585242951	0.3068370165479908
0.101	5.9693695646793	0.2924548518214831
0.10200000000000001	5.58116494340433	0.27741257592714047
0.10300000000000001	4.793093271898712	0.26187890864887703
0.10400000000000001	4.101169389899389	0.24601685826284247
0.10500000000000001	3.7952764649754167	0.2299821727531689
0.106	4.066408273700355	0.2139220272327068
0.107	3.746297860223823	0.19797393968976398
0.108	3.384954642466191	0.18226490542926366
0.109	3.2300949030143538	0.166910739072534
0.11	2.93203683958154	0.15201561172277014
0.111	2.8939340718152526	0.13767176988861224
0.112	2.414804415113649	0.12395942197918075
0.113	2.587450919196557	0.110946777630834
0.114	2.342507840831804	0.09869022478722604
0.115	1.8090543446908383	0.08723462931656326
0.116	1.3663080218450938	0.07661374199834614
0.117	1.3000974244393202	0.06685069793025913
0.11800000000000001	1.2969955433796585	0.05795859377721886
0.11900000000000001	0.9955984024683274	0.04994112879134101
0.12000000000000001	0.7910615926380036	0.04279329615580755
0.121	0.6148734280646051	0.03650211192937675
0.122	0.5697934925571209	0.03104736967380045
0.123	0.565809381635566	0.02640240971638338
0.124	0.4991025093940386	0.022534892917606773
0.125	0.4213459139032656	0.019407569763271952
0.126	0.3549423823379436	0.016979036567045535
0.127	0.3005460368867509	0.015204471538769075
0.128	0.27472909187441436	0.0140363444337863
0.129	0.24729802219891775	0.013425094437462606
0.13	0.24115455814630993	0.01331977184697868
0.131	0.3050650688347949	0.013668639980682257
0.132	0.29140502874547985	0.014419734566451842
0.133	0.2845958552324479	0.015521378628689587
0.134	0.32535354881888506	0.01692265160406031
0.135	0.4278736334070849	0.018573812065540582
0.136	0.4075984894715667	0.020426674020553266
0.137	0.34826583301489705	0.022434937270879814
0.138	0.5103584550732007	0.02455447277964722
0.139	0.5155328593900974	0.026743564384895908
0.14	0.558321999246121	0.028963108531814087
0.14100000000000001	0.7839500520743641	0.03117677396915888
0.14200000000000002	0.6576446635174634	0.03335112357278388
0.14300000000000002	0.7447123241879644	0.03545570062418528
0.14400000000000002	0.6496429584807707	0.037463081988580144
0.14500000000000002	0.8923970074578653	0.03934890070956972
0.146	0.8583994064484369	0.04109184057043324
0.147	1.0044574861229676	0.042673605170168064
0.148	0.9671481178459027	0.04407886403017496
0.149	0.964891351674757	0.04529517818955762
0.15	0.7706940004293295	0.04631290766779755
0.151	1.0211847656720972	0.047125103077316016
0.152	1.1827181518799765	0.047727383559133814
0.153	1.0132954821247746	0.04811780309617295
0.154	1.0908108748983747	0.048296707134078
0.155	0.9921791375373019	0.04826658131177243
0.156	0.908521059661394	0.04803189397594551
0.157	0.9138042744100767	0.04759893402754298
0.158	0.9004723668508429	0.046975645525987944
0.159	0.8527946337881445	0.0461714603597958
0.16	1.1294860452436857	0.045197130181608244
0.161	0.8228222998989922	0.04406455870227141
0.162	0.8046655335568513	0.042786635342902474
0.163	0.6738270707791694	0.04137707115613365
0.164	0.8319375649699184	0.03985023784783421
0.165	0.8803630863381753	0.03822101065829857
0.166	0.6512501706487083	0.03650461579668797
0.167	0.7412696219720609	0.034716483063782055
0.168	0.5464583518148273	0.03287210424508727
0.169	0.6954897994176444	0.03098689780822249
0.17	0.5556356884221675	0.029076080394358335
0.171	0.5388845100576509	0.027154545552417603
0.17200000000000001	0.5625510006023188	0.025236750125831382
0.17300000000000001	0.43368038300556616	0.023336608664015265
0.17400000000000002	0.3114289777406318	0.02146739619356108
0.17500000000000002	0.3973437444985061	0.01964165964668499
0.17600000000000002	0.37072976855881284	0.017871138206077383
0.177	0.35821362324461864	0.01616669278542612
0.178	0.28594844719217244	0.014538244823089708
0.179	0.318633465461895	0.012994724522390517
0.18	0.255747953379551	0.011544028625583357
0.181	0.19634987500057965	0.010192987759695439
0.182	0.1822166446860589	0.008947343341185231
0.183	0.16229987690545253	0.007811733972935043
0.184	0.1288454669070551	0.006789691211762303
0.185	0.11253398280276374	0.005883644527821589
0.186	0.09930194762767422	0.005094935219458088
0.187	0.08659540200688401	0.004423838988833101
0.188	0.0722222721317161	0.003869596825607219
0.189	0.0784287104702015	0.003430453788810923
0.19	0.06639381612748765	0.0031037052214663717
0.191	0.06142714367047319	0.0028857498792757338
0.192	0.05984885948248669	0.0027721494044828103
0.193	0.05401979249742444	0.0027576935295608907
0.194	0.05518110685340405	0.0028364703533608013
0.195	0.059406763770275116	0.003001940995409264
0.196	0.07345348951872241	0.0032470179027638147
0.197	0.06890893162870153	0.003564146058723785
0.198	0.07413136639475183	0.003945386324210637
0.199	0.09775843538276965	0.004382500131121379
0.2	0.08688364936829383	0.004867034742694849
0.201	0.12032555526085897	0.005390408299081828
0.202	0.11367515265070939	0.005943993876949244
0.203	0.15501676292109343	0.006519201810049157
0.20400000000000001	0.1404840458428796	0.007107559543114406
0.20500000000000002	0.17262189482556084	0.007700788323979727
0.20600000000000002	0.1653570327709632	0.008290876078148735
0.20700000000000002	0.17489412676588223	0.008870145855718978
0.20800000000000002	0.1859377045815175	0.009431319292147083
0.20900000000000002	0.21007232341847495	0.009967574581208461
0.21	0.20992748845815346	0.010472598520041263
0.211	0.20915345720528158	0.010940632251664032
0.212	0.2698210977225165	0.011366510399069066
0.213	0.21329639871998718	0.011745693356135095
0.214	0.22694696669061676	0.01207429257335777
0.215	0.23647100130860793	0.012349088749934152
0.216	0.2357729592361367	0.012567542917224526
0.217	0.2360061623166766	0.012727800471222177
0.218	0.2722305317594251	0.01282868828257875
0.219	0.2743202945502983	0.012869705081177013
0.22	0.27927098530707856	0.012851005377469728
0.221	0.265413561158588	0.012773377244115428
0.222	0.24782830903211137	0.012638214338198187
0.223	0.22489398155790732	0.012447482595940532
0.224	0.24876232509755547	0.012203682077799632
0.225	0.2375963354978161	0.01190980448174321
0.226	0.25222120608388093	0.011569286875982515
0.227	0.2072478556867414	0.011185962229225493
0.228	0.18837656063238256	0.010764007336420491
0.229	0.19949806239436424	0.010307888750893321
0.23	0.21514408181737965	0.009822307339725573
0.231	0.22578677113043152	0.009312142078255307
0.232	0.1755345216928482	0.008782393691857031
0.233	0.17214769462621168	0.008238128738910592
0.234	0.17254214026777323	0.007684424708407936
0.23500000000000001	0.16001093208080625	0.007126316679348732
0.23600000000000002	0.10737871375431111	0.0065687460573794895
0.23700000000000002	0.10988676093798784	0.006016511867533776
0.23800000000000002	0.11092825340965128	0.0054742250409727765
0.23900000000000002	0.11949901825983714	0.004946266088892225
0.24000000000000002	0.08795999292997853	0.004436746508867018
0.241	0.08336049698678519	0.003949474218485428
0.242	0.06507002140582582	0.003487923258836024
0.243	0.05995986077860061	0.0030552079569082665
0.244	0.05678638184024807	0.0026540616819072087
0.245	0.050962475355252376	0.002286820276511593
0.246	0.04339728000976446	0.0019554101908447314
0.247	0.0322251128841941	0.0016613412949801612
0.248	0.026616849267478093	0.0014057042957352128
0.249	0.023453852576860695	0.0011891726358406144
0.25	0.020671594304487687	0.0010120087087946868
0.251	0.017525317176070334	0.0008740741812484974
0.252	0.01431449893581604	0.0007748441769988958
0.253	0.014403598272676711	0.0007134250429116707
0.254	0.013591029242536202	0.0006885753876159414
0.255	0.014087301274292606	0.0006987300588037237
0.256	0.015260761642766912	0.0007420267045733067
0.257	0.01199463552445046	0.0008163345485481963
0.258	0.017275625595715004	0.0009192849975019406
0.259	0.022279175877054507	0.001048303693881416
0.26	0.029470172824963406	0.001200643623850122
0.261	0.027920171502346876	0.0013734188941191142
0.262	0.02752187849037328	0.0015636387976983848
0.263	0.03417083091088323	0.0017682417995440285
0.264	0.033331183074619	0.001984129087614611
0.265	0.04635087868401559	0.0022081973527688288
0.266	0.042945932108444024	0.002437370481891919
0.267	0.052409262950822974	0.0026686298722628106
0.268	0.054080599326174754	0.0028990431010846533
0.269	0.059992203015723077	0.003125790711901291
0.27	0.061491307301981615	0.00334619090891079
0.271	0.06985494382291489	0.0035577219805624422
0.272	0.06292073499792003	0.003758042304887862
0.273	0.07147009086341224	0.003945007820384305
0.274	0.08659065126942847	0.004116686877564781
0.275	0.09213751804788162	0.00427137241716204
0.276	0.08390099292068637	0.004407591451089859
0.277	0.10614049150007007	0.004524111851318574
0.278	0.10500383779862041	0.004619946479534976
0.279	0.09371076184923055	0.004694354716581606
0.28	0.08266835242029946	0.004746841474991097
0.281	0.1021004946073815	0.00477715380026517
0.28200000000000003	0.08779135010289059	0.004785275186746255
0.28300000000000003	0.09464292026490657	0.004771417751876413
0.28400000000000003	0.10599173149731349	0.004736012428251895
0.28500000000000003	0.0873608088852659	0.004679697346111687
0.28600000000000003	0.07949078754428512	0.00460330458972635
0.28700000000000003	0.09052394115818005	0.004507845519589506
0.28800000000000003	0.08500235806717736	0.004394494858396607
0.28900000000000003	0.07824387569722738	0.004264573742586478
0.29	0.0711978125686794	0.004119531942806949
0.291	0.07779915476466644	0.003960929456151326
0.292	0.08494751905915979	0.003790417670521042
0.293	0.07631753856898388	0.0036097202971380766
0.294	0.06702717485714653	0.0034206142612083833
0.295	0.06522255570405129	0.0032249107331816552
0.296	0.05586069479581662	0.003024436474127319
0.297	0.06119541108798031	0.002821015658619727
0.298	0.05303984115655545	0.00261645232736545
0.299	0.05147316059413537	0.0024125136097797183
0.3	0.03952570723051761	0.0022109138439933935
0.301	0.03640332615646272	0.0020132997085044488
0.302	0.03953811256941158	0.0018212364660339685
0.303	0.027896698982321402	0.0016361954062508307
0.304	0.028139371523446675	0.0014595425600287854
0.305	0.023179875103254997	0.0012925287439226022
0.306	0.023992427531174466	0.001136280979713035
0.307	0.022709942587696083	0.0009917953202806882
0.308	0.017153971646277164	0.0008599310998232538
0.309	0.016404806561669302	0.0007414066136138356
0.31	0.013659531631416878	0.0006367962201867316
0.311	0.011997031541838617	0.0005465288470958311
0.312	0.008602317828607287	0.00047088787027609925
0.313	0.007040042089839509	0.0004100123265977627
0.314	0.007470726064190297	0.000363899409474625
0.315	0.005930977606496164	0.00033240818840393256
0.316	0.006171984842301683	0.0003152644851003978
0.317	0.0061030991000233506	0.00031206683145964213
0.318	0.00592689353939258	0.0003222934279601968
0.319	0.006950899617124143	0.00034531001529663905
0.32	0.007054831133646208	0.0003803785670341486
0.321	0.00771960893649586	0.00042666670688771993
0.322	0.00789581275199159	0.0004832577508552402
0.323	0.00921087835265028	0.0005491612718679859
0.324	0.012069011694438617	0.0006233240828572758
0.325	0.015845519183327623	0.0007046415331626486
0.326	0.018418678216270586	0.0007919690130131379
0.327	0.01706984123698975	0.0008841335613853865
0.328	0.018297491022711512	0.0009799454738640763
0.329	0.02659890854025948	0.0010782098091834439
0.33	0.02279194941499348	0.0011777376958926958
0.331	0.025957799949954372	0.00127735734403918
0.332	0.028998882058740086	0.0013759246708755564
0.333	0.03112378754863586	0.0014723334543406998
0.334	0.026867102062050667	0.001565524933406633
0.335	0.0376731943093508	0.0016544967802886489
0.336	0.0306955371654997	0.0017383113759428946
0.337	0.028527216836532678	0.0018161033271815671
0.338	0.03931464433171553	0.0018870861710716417
0.339	0.042820094317414376	0.0019505582199979997
0.34	0.03738120717259324	0.002005907508809236
0.341	0.042213711756099	0.002052615813765262
0.342	0.042195485474772844	0.002090261721506849
0.343	0.03880721104373729	0.0021185227349024044
0.34400000000000003	0.043756779541808455	0.0021371764113272177
0.34500000000000003	0.04496897923041315	0.0021461005376242296
0.34600000000000003	0.043005357337511395	0.0021452723546097566
0.34700000000000003	0.048470007969383895	0.0021347668524486444
0.34800000000000003	0.04531044990422282	0.002114754166456596
0.34900000000000003	0.03929910299789583	0.0020854961108189417
0.35000000000000003	0.04891766056318904	0.0020473418952722307
0.35100000000000003	0.04283584434417629	0.0020007230769071
0.35200000000000004	0.04140780928322222	0.001946147805850288
0.353	0.02687330758416602	0.0018841944296065075
0.354	0.03870231250280398	0.001815504526228097
0.355	0.030670732396740025	0.0017407754411782697
0.356	0.02808791621823055	0.0016607524067145827
0.357	0.03535380037886231	0.0015762203258030596
0.358	0.02740609507256808	0.001487995304946577
0.359	0.028422333091445078	0.001396916021849631
0.36	0.027380730247339703	0.0013038350145283357
0.361	0.02248706136020614	0.0012096099783032864
0.362	0.018579823707418047	0.0011150951560845624
0.363	0.02136240571705755	0.0010211329054845575
0.364	0.019675901187110607	0.0009285455235957717
0.365	0.01567742646272711	0.0008381274067762346
0.366	0.011690077729364878	0.0007506376185343118
0.367	0.01512014597111164	0.0006667929336429905
0.368	0.013448421596877817	0.0005872614209971799
0.369	0.0106306644142312	0.0005126566215177519
0.37	0.009662980352572834	0.0004435323706722892
0.371	0.007216086321171139	0.0003803783079990542
0.372	0.006967671756245472	0.00032361610846789904
0.373	0.00575917923357853	0.00027359646267270687
0.374	0.004765844590913627	0.00023059682481153538
0.375	0.0036594365953649625	0.0001948199392615043
0.376	0.0029882787140899257	0.00016639314838467917
0.377	0.0030323878497238044	0.00014536847609845208
0.378	0.002813508527541455	0.0001317234737965157
0.379	0.002572462053088623	0.00012536280750021446
0.38	0.0021839516028684097	0.00012612055773670797
0.381	0.002527935957984486	0.00013376319665756527
0.382	0.003070716881738502	0.00014799320040148655
0.383	0.0034407690088986823	0.0001684532487338117
0.384	0.004476737466492649	0.00019473095862264876
0.385	0.004431725903855231	0.0002263640936883416
0.386	0.00507598323603318	0.0002628461874333178
0.387	0.004077116355902647	0.0003036325148578576
0.388	0.006891534969410611	0.0003481463445203043
0.389	0.006766530406834207	0.00039578540132462485
0.39	0.008773263137935635	0.0004459284693218711
0.391	0.010058564241534857	0.0004979420635937262
0.392	0.0110051396696266	0.0005511871008358006
0.393	0.012320962602074902	0.000605025499556388
0.394	0.012346656624704693	0.0006588266428260836
0.395	0.01267708822899913	0.0007119736392194459
0.396	0.01115919859816239	0.0007638693209393948
0.397	0.021062318541664043	0.0008139419220592166
0.398	0.021183364134255856	0.0008616503843003721
0.399	0.01763554546209612	0.0009064892427269836
0.4	0.016149351016314	0.0009479930491148382
0.401	0.01847040162831625	0.0009857402964761834
0.402	0.01949975380153188	0.0010193568142206108
0.403	0.018951281011185213	0.001048518609634815
0.404	0.020626580166511522	0.001072954137696619
0.405	0.02070954140023403	0.0010924459876285855
0.406	0.023629424267530775	0.0011068319809718029
0.40700000000000003	0.02464529657506057	0.0011160056822508045
0.40800000000000003	0.022291319712165483	0.001119916329438761
0.40900000000000003	0.020417053267181164	0.001118568197353783
0.41000000000000003	0.022339801439402188	0.0011120194127624903
0.41100000000000003	0.020915307090742456	0.0011003802452805044
0.41200000000000003	0.02025764810985011	0.0010838109030910047
0.41300000000000003	0.018921371942524128	0.0010625188670074649
0.41400000000000003	0.022159394187213848	0.0010367558004466587
0.41500000000000004	0.0239224661940913	0.001006814076420756
0.41600000000000004	0.01732623411394498	0.000973022965677148
0.41700000000000004	0.016649473536611427	0.0009357445325925578
0.418	0.01878187990561315	0.000895369287351353
0.419	0.018971369580580117	0.0008523116443012307
0.42	0.01632966940585287	0.0008070052371829857
0.421	0.01572680709052619	0.0007598981421816964
0.422	0.016193760593211724	0.0007114480594574393
0.423	0.011643080077293822	0.0006621175030025695
0.424	0.012929281150793578	0.000612369047363734
0.425	0.012189497257112958	0.000562660677987942
0.426	0.012214075353102994	0.0005134412897364896
0.427	0.010404925223313927	0.00046514637549404503
0.428	0.007362859138673694	0.0004181939438227533
0.429	0.007836888382322566	0.00037298070131490494
0.43	0.006134660192479279	0.0003298785317264793
0.431	0.006213546178742344	0.0002892313001739689
0.432	0.00485147992699227	0.000251352006694308
0.433	0.004858793744452456	0.00021652030934984107
0.434	0.004225836736052814	0.00018498043285355707
0.435	0.003051513953125882	0.00015693947444042736
0.436	0.0025161049106729966	0.00013256611446326745
0.437	0.002471054917954826	0.00011198973498949264
0.438	0.0022536036652606468	9.529994555933611e-05
0.439	0.0018410684247034711	8.254651127539335e-05
0.44	0.0015324789831420245	7.373967456369778e-05
0.441	0.0015295386375697177	6.885085831081192e-05
0.442	0.0014089377406401055	6.781373466953247e-05
0.443	0.0016082975388033716	7.052564066395939e-05
0.444	0.001305454213466106	7.68493188358066e-05
0.445	0.0016098217541564914	8.661495857712551e-05
0.446	0.002110153586820018	9.962251150568381e-05
0.447	0.002052817166560874	0.00011564425227006121
0.448	0.002705933159242777	0.00013442755453049062
0.449	0.003562956456826965	0.000155697850553489
0.45	0.0030619279539954814	0.00017916174188492426
0.451	0.003785267611080048	0.00020451022792563006
0.452	0.004146243999211056	0.00023142201892132296
0.453	0.0052563260699588985	0.00025956689988669194
0.454	0.0050195568529574535	0.000288609112301953
0.455	0.0074081373850871995	0.00031821072103619216
0.456	0.00570338477330802	0.00034803493485053487
0.457	0.008431998116410567	0.0003777493499989672
0.458	0.008657648037169386	0.0004070290878567417
0.459	0.010240498189920427	0.00043555979914605084
0.46	0.01018205367080572	0.00046304050917473624
0.461	0.007985678975312594	0.0004891862805341391
0.462	0.009828429888655135	0.0005137306718940529
0.463	0.00978588803698621	0.000536427973862485
0.464	0.013086877044475732	0.0005570552053221942
0.465	0.011886530165420564	0.0005754138561906667
0.466	0.01241872569704337	0.0005913313651517807
0.467	0.009970306473137338	0.0006046623235522265
0.468	0.01470000101399472	0.0006152893993208634
0.46900000000000003	0.011388531997400303	0.0006231239774318186
0.47000000000000003	0.012222968988987379	0.0006281065160705566
0.47100000000000003	0.009002556963832937	0.0006302066202551193
0.47200000000000003	0.012307947728577278	0.0006294228371920659
0.47300000000000003	0.013778141126812509	0.0006257821800891008
0.47400000000000003	0.01369897669595034	0.0006193393894857567
0.47500000000000003	0.0125777306660171	0.0006101759433828121
0.47600000000000003	0.010735687960424366	0.000598398829534562
0.47700000000000004	0.012553057058399495	0.0005841390952011173
0.47800000000000004	0.013148697295309389	0.0005675501914273712
0.47900000000000004	0.009352294666248298	0.0005488061305094446
0.48000000000000004	0.010268312683728827	0.0005280994767178558
0.481	0.009564275751646215	0.0005056391915605584
0.482	0.010305911385233887	0.000481648355880965
0.483	0.008902330406521384	0.0004563617918903324
0.484	0.009021145359187547	0.0004300236088261534
0.485	0.007807269070508254	0.0004028846963058546
0.486	0.007480626943394993	0.0003752001896071479
0.487	0.007246772971094012	0.00034722693105331914
0.488	0.006584897839865224	0.00031922095141582606
0.489	0.005396659646537953	0.00029143499477173686
0.49	0.005912223036461376	0.0002641161095749689
0.491	0.004738727486545124	0.00023750332782536589
0.492	0.004473185351905494	0.00021182545315665262
0.493	0.004261380452575222	0.00018729897742353712
0.494	0.003066910514294528	0.00016412614396116846
0.495	0.0028115298218272214	0.00014249317412984213
0.496	0.0025121371309531544	0.00012256867205840658
0.497	0.001852286469221905	0.00010450222067699152
0.498	0.001768719533869462	8.842318019982745e-05
0.499	0.001902637959234662	7.44396981998271e-05
0.5	0.0013106252193012312	6.263793832666802e-05
0.501	0.0010040388925918306	5.308153257850352e-05
0.502	0.0009282231404286085	4.581125986396339e-05
0.503	0.000883801664024662	4.084495140582854e-05
0.504	0.0007603790923968382	3.8177621361071114e-05
0.505	0.000715953238448558	3.778181888419751e-05
0.506	0.0006820004334603211	3.9608195762196984e-05
0.507	0.0009580391021231824	4.35862817197515e-05
0.508	0.0012198279998408535	4.962545755194081e-05
0.509	0.0010944937720470838	5.761611440702359e-05
0.51	0.0014865646312765808	6.743098583152156e-05
0.511	0.0017813999776647744	7.892663762023743e-05
0.512	0.0018711161894823629	9.194509910004005e-05
0.513	0.0018350875790892579	0.00010631561823188615
0.514	0.002248326973682655	0.00012185652185255763
0.515	0.002552656385075934	0.00013837716150610048
0.516	0.00320197417691123	0.00015567992464318877
0.517	0.002867572770110661	0.00017356229050087307
0.518	0.003373952883614386	0.00019181890971934913
0.519	0.004435948922336758	0.0002102436867086043
0.52	0.004316949901389898	0.00022863184394563134
0.521	0.003901071140769738	0.00024678194775990545
0.522	0.0059896536365936755	0.00026449787574633394
0.523	0.005973643646119856	0.0002815907067239069
0.524	0.005126065323246928	0.00029788051512600624
0.525	0.005526759305577642	0.0003131980528536535
0.526	0.0062834188465543984	0.0003273863029331559
0.527	0.006925086896909202	0.0003403018907799241
0.528	0.007117114025259814	0.0003518163404646487
0.529	0.007081465952348968	0.00036181716508876873
0.53	0.007884069872509069	0.0003702087821846134
0.531	0.008461784118425837	0.0003769132469418544
0.532	0.007257246984515095	0.000381870798005468
0.533	0.009443483767611739	0.000385040212570215
0.534	0.00807733979600953	0.00038639896949129886
0.535	0.007080478095769367	0.00038594322111900595
0.536	0.008294828269463244	0.0003836875765255796
0.537	0.0071680705693400884	0.00037966470070456245
0.538	0.007522581830849963	0.00037392473616636233
0.539	0.007573460139742615	0.0003665345551096953
0.54	0.006822580231315077	0.00035757685199885544
0.541	0.007947618473803287	0.0003471490879047794
0.542	0.006857635631755076	0.000335362299358495
0.543	0.006283429033460535	0.0003223397857052297
0.544	0.005763663385698708	0.0003082156900246579
0.545	0.0055051493424248385	0.00029313348958766246
0.546	0.005314330717361739	0.000277244412544966
0.547	0.005553815280743336	0.00026070579808242124
0.548	0.0044605054944186874	0.00024367941762823018
0.549	0.0035199396264883514	0.0002263297748574968
0.55	0.004073836314950816	0.00020882240221030055
0.551	0.003372214180448992	0.00019132217142366862
0.552	0.0035456675287529713	0.00017399163518056306
0.553	0.0031269109470065583	0.00015698941640712068
0.554	0.0031646137086174093	0.0001404686610116683
0.555	0.0025453325847209062	0.0001245755689660305
0.556	0.0023314604163323254	0.00010944801759332059
0.557	0.002073725840029172	9.5214289760246e-05
0.558	0.0015832959948534023	8.199191839059794e-05
0.559	0.001154105474807773	6.988665733578185e-05
0.56	0.0011343166024352898	5.8991587174369786e-05
0.561	0.0011264875612483133	4.938636298301673e-05
0.562	0.0008217260901221479	4.113660954309099e-05
0.5630000000000001	0.0007287571482932417	3.429346783884174e-05
0.5640000000000001	0.0005360003233717344	2.8893295081633718e-05
0.5650000000000001	0.0005654713822381238	2.4957518878183006e-05
0.5660000000000001	0.0004784122775658909	2.2492644566076593e-05
0.5670000000000001	0.0004432603287033436	2.1490413183613188e-05
0.5680000000000001	0.0003937738923498355	2.192810603901032e-05
0.5690000000000001	0.0004796632327463597	2.3768990411134788e-05
0.5700000000000001	0.000522783840080568	2.6962899563922565e-05
0.5710000000000001	0.0006739946532354527	3.144693900217406e-05
0.5720000000000001	0.000700625113083228	3.7146309748714145e-05
0.5730000000000001	0.000862013642676235	4.397523839188585e-05
0.5740000000000001	0.0009543913882947318	5.183800274639018e-05
0.5750000000000001	0.0012251087903083174	6.0630041196484674e-05
0.5760000000000001	0.001240731733352143	7.02391331537648e-05
0.5770000000000001	0.002015170586325999	8.054663756591586e-05
0.578	0.0019196121005508656	9.142877606003677e-05
0.579	0.0020331856441773676	0.00010275794709497702
0.58	0.0020959066607111033	0.00011440405743054926
0.581	0.002395287897391136	0.00012623585729518798
0.582	0.0027873416071642755	0.0001381222658435183
0.583	0.0028196904771395784	0.0001499336738364736
0.584	0.003538026803280951	0.00016154321094239682
0.585	0.0035988222710318565	0.00017282796564062342
0.586	0.0033523204449005394	0.0001836701464007036
0.587	0.003234973001814503	0.00019395817360132024
0.588	0.0034534036350198126	0.000203587692532813
0.589	0.00397664954411106	0.00021246249878529092
0.59	0.004332837299495072	0.0002204953683491346
0.591	0.003515666624149754	0.00022760878583466364
0.592	0.004030015913686285	0.00023373556534085009
0.593	0.004108705937670758	0.00023881935965714294
0.594	0.00442388131998548	0.00024281505465573278
0.595	0.004772734682729191	0.00024568904691194606
0.596	0.006165803880591759	0.0002474194037663296
0.597	0.0054128784313624365	0.0002479959062020213
0.598	0.005607613277600077	0.0002474199760443726
0.599	0.005241043908221913	0.00024570449008619755
0.6	0.0055762198156498665	0.0002428734847917961
0.601	0.004588230784966667	0.0002389617562270751
0.602	0.004537310416543374	0.00023401436079345116
0.603	0.004463401420053359	0.00022808602320239921
0.604	0.00499186317339694	0.00022124045890893336
0.605	0.004504161586072662	0.00021354961892038862
0.606	0.004644044941093836	0.00020509286550681995
0.607	0.004276470412406294	0.00019595608785740495
0.608	0.002957148766292065	0.0001862307671505072
0.609	0.004118242890632831	0.00017601300083164049
0.61	0.003206216482578739	0.00016540249612238082
0.611	0.0028905699596847695	0.00015450154291424793
0.612	0.002855553623659526	0.0001434139762354173
0.613	0.0026079713832363096	0.00013224413841642107
0.614	0.002663043753281958	0.00012109585092619168
0.615	0.0023687707489781495	0.00011007140560494859
0.616	0.0017605970079530287	9.927058468952397e-05
0.617	0.001711601083344572	8.878971861416704e-05
0.618	0.0011907694210732782	7.872079008089653e-05
0.619	0.0014821353727479023	6.915059233371768e-05
0.62	0.001080823129722168	6.015994894671738e-05
0.621	0.0010521528220158	5.182300175375469e-05
0.622	0.0007865677975007271	4.4206572814257104e-05
0.623	0.0007597846516295601	3.736960553272196e-05
0.624	0.0006085715465802694	3.136268923652241e-05
0.625	0.0005386651709937428	2.622767067523348e-05
0.626	0.000447302786131512	2.1997355042765288e-05
0.627	0.0003484715531823899	1.8695298249067404e-05
0.628	0.00028744249590095995	1.633569128890522e-05
0.629	0.0002889862587054582	1.4923336679092216e-05
0.63	0.00025513375340729526	1.445371607028396e-05
0.631	0.00032038532144611903	1.4913147292545867e-05
0.632	0.00027550670742132005	1.6279028272707388e-05
0.633	0.0004070837335659369	1.8520164473006932e-05
0.634	0.00039983191172960264	2.1597175751397244e-05
0.635	0.0005657725697939761	2.5462977840388188e-05
0.636	0.000563956731781433	3.0063332989307724e-05
0.637	0.0007573180274051894	3.533746371970803e-05
0.638	0.0008498365949685094	4.1218723110183444e-05
0.639	0.00101865164813231	4.763531455937978e-05
0.64	0.0009086544012472824	5.4511053578156404e-05
0.641	0.0013781488951223483	6.176616383677083e-05
0.642	0.0012390287381299258	6.931809944306328e-05
0.643	0.0016702803620554903	7.708238525461233e-05
0.644	0.0016628049268513309	8.497346693292492e-05
0.645	0.0016091221373478015	9.290556243113012e-05
0.646	0.0016468142289957333	0.00010079350666831551
0.647	0.002006812745831626	0.00010855358128228353
0.648	0.0025332903521395386	0.00011610432156677581
0.649	0.0023547766413721553	0.00012336729298641688
0.65	0.0030660543110020934	0.00013026783002004474
0.651	0.0027197251743238267	0.0001367357305068982
0.652	0.003108290983193889	0.000142705899156086
0.653	0.0027807408533654498	0.00014811893442316857
0.654	0.0034269428207470464	0.00015292165355297442
0.655	0.00300608933050372	0.0001570675512293212
0.656	0.003822142455437576	0.0001605171879537018
0.657	0.002714746103921361	0.00016323850498960136
0.658	0.003394742356612673	0.00016520706345003874
0.659	0.003373038238657422	0.00016640620586582929
0.66	0.0032420839711252026	0.0001668271393436484
0.661	0.0028944075663453724	0.00016646894019864888
0.662	0.0033679587755305004	0.00016533848071859054
0.663	0.003193844928498543	0.00016345027947766938
0.664	0.0031915245058583563	0.0001608262773610265
0.665	0.0035094982708521647	0.00015749554217802842
0.666	0.0029549878787601454	0.00015349390542684967
0.667	0.003034302532470164	0.00014886353541799125
0.668	0.003147362570507318	0.00014365245156380385
0.669	0.002690182965648358	0.00013791398518912362
0.67	0.0026328998307175093	0.00013170619270937164
0.671	0.0024947239886877084	0.0001250912274522583
0.672	0.0025089186365543723	0.00011813467676348876
0.673	0.0023719840429335865	0.00011090487133207978
0.674	0.0023804157487965667	0.00010347217389450981
0.675	0.002000305081949454	9.590825462678254e-05
0.676	0.0017521456189843047	8.828536060860348e-05
0.677	0.001538696921275454	8.067558674361566e-05
0.678	0.0013563794057308803	7.315015544451699e-05
0.679	0.0012767178852338733	6.577871224302207e-05
0.68	0.0010659016699890679	5.862864426381948e-05
0.681	0.00103775262642577	5.1764428211776335e-05
0.682	0.0009780647593279532	4.524701416584198e-05
0.683	0.0007524363559824093	3.9133251055575776e-05
0.684	0.000629495731039662	3.347535922168999e-05
0.685	0.0005427187888587392	2.832045493560124e-05
0.686	0.0004822702641907588	2.3710131180761283e-05
0.687	0.00037201647489012193	1.9680098386534923e-05
0.6880000000000001	0.00032136887867528	1.6259888160444812e-05
0.6890000000000001	0.00025888491463928794	1.347262239364142e-05
0.6900000000000001	0.00023318875486378818	1.1334849424647741e-05
0.6910000000000001	0.00020408884788926184	9.856448245276742e-06
0.6920000000000001	0.00019919813544132025	9.040601027453668e-06
0.6930000000000001	0.00017567122098228146	8.883833548040022e-06
0.6940000000000001	0.0001997890519342239	9.376122397964505e-06
0.6950000000000001	0.00017299443870717667	1.0501067189210479e-05
0.6960000000000001	0.00026056888391377505	1.2236125325442252e-05
0.6970000000000001	0.00024405583396631928	1.4552906285865862e-05
0.6980000000000001	0.00039646191862629187	1.741752179354595e-05
0.6990000000000001	0.000490870976743179	2.0790987704559785e-05
0.7000000000000001	0.00041157574499946193	2.4629672968330626e-05
0.7010000000000001	0.0005347863052267928	2.8885790576836193e-05
0.7020000000000001	0.000638200707501883	3.350792504520921e-05
0.7030000000000001	0.0007983880399164813	3.8441590651868134e-05
0.7040000000000001	0.0008532181348666186	4.362981441537415e-05
0.705	0.000823381759181835	4.901373759973926e-05
0.706	0.0014762025146914507	5.453322942099167e-05
0.707	0.0011614332116796837	6.0127506576068544e-05
0.708	0.0013982273297215362	6.57357522301629e-05
0.709	0.0014429400177123851	7.129772817964506e-05
0.71	0.0014324325247364895	7.67543740528179e-05
0.711	0.00148589740092326	8.204838761782712e-05
0.712	0.001511629518816588	8.712478053295998e-05
0.713	0.0019840104197790982	9.19314041957459e-05
0.714	0.0019226313473608813	9.641944071971239e-05
0.715	0.0019904974896411526	0.00010054385448654524
0.716	0.0021241856770715817	0.00010426380018189645
0.717	0.0018213056150692222	0.00010754298371962019
0.718	0.002307738489140422	0.00011034997298611824
0.719	0.002336578912819219	0.00011265845588782279
0.72	0.002446875283763922	0.0001144474437544171
0.721	0.0020128440651930577	0.00011570141873207111
0.722	0.0022836729208709798	0.00011641042438843164
0.723	0.0022179636891315434	0.00011657009933816927
0.724	0.002014502179646753	0.00011618165427848024
0.725	0.0022125269957731547	0.00011525179339210023
0.726	0.0024390096974284026	0.00011379258162546793
0.727	0.0018888507993612281	0.0001118212598762577
0.728	0.002666180502612991	0.00010936001062255332
0.729	0.002505069689113398	0.00010643567699077795
0.73	0.002148861778575808	0.00010307943868694392
0.731	0.0020008175807595154	9.932644860203856e-05
0.732	0.0024560175739301864	9.521543424420062e-05
0.733	0.0018756115441418868	9.078826844503436e-05
0.734	0.0016405260257680962	8.608951403271512e-05
0.735	0.0015609376923675763	8.116594735891499e-05
0.736	0.001678870237062212	7.60660657088031e-05
0.737	0.001467009300283634	7.083958371307923e-05
0.738	0.001222866509577686	6.553692391804381e-05
0.739	0.0009140629747920095	6.020870665474343e-05
0.74	0.0012768566393836442	5.490524428231462e-05
0.741	0.0009992401992190716	4.967604476525055e-05
0.742	0.0009831606668058584	4.456932938160097e-05
0.743	0.00096367098471649	3.963156915139077e-05
0.744	0.0007844675382104201	3.4907044324752056e-05
0.745	0.0005614336932268661	3.043743098061679e-05
0.746	0.00043130613246909733	2.6261418462741334e-05
0.747	0.00044240975971554926	2.2414361024292254e-05
0.748	0.0003877896746848426	1.892796666908195e-05
0.749	0.00031914960287862925	1.5830025771132423e-05
0.75	0.0002539182579120073	1.3144181628900725e-05
0.751	0.00022557492205917362	1.088974467060955e-05
0.752	0.0001903846512465698	9.081551577296512e-06
0.753	0.0001612283794611375	7.729870134830584e-06
0.754	0.00012704505756076497	6.840350169773966e-06
0.755	0.00012574708537090856	6.414020470963304e-06
0.756	0.00012928056365508678	6.447331153293146e-06
0.757	0.0001230521038389456	6.932240486559221e-06
0.758	0.0001546770286877601	7.856344794245002e-06
0.759	0.00018760901343267155	9.203049628545705e-06
0.76	0.0001901292351177076	1.0951780052146812e-05
0.761	0.0002689256817754218	1.3078227507512615e-05
0.762	0.00033706699547956186	1.555463043354494e-05
0.763	0.00034358723807284124	1.8350085500034616e-05
0.764	0.00044561219432995216	2.143088607456431e-05
0.765	0.0005033702682860773	2.4760884316302436e-05
0.766	0.0005862874985182431	2.830187310803026e-05
0.767	0.0006562658134912453	3.201398389286929e-05
0.768	0.0006617100699245256	3.585609637639699e-05
0.769	0.000735683542296167	3.9786255988559555e-05
0.77	0.0009517235721773707	4.376209497307404e-05
0.771	0.0009723621593023366	4.774125298465879e-05
0.772	0.0012707722867397542	5.168179312570544e-05
0.773	0.0011787201866207374	5.554260944307652e-05
0.774	0.0012592910893523875	5.9283822031177694e-05
0.775	0.0012422806363139997	6.286715604782567e-05
0.776	0.0012913444645028264	6.62563011427777e-05
0.777	0.0014188388210639	6.941724802295506e-05
0.778	0.001636405166399313	7.231859913105188e-05
0.779	0.0015642320690433295	7.49318506926492e-05
0.78	0.0015150461858753083	7.72316436884343e-05
0.781	0.0014707599971961248	7.919598162959223e-05
0.782	0.001402196053429881	8.080641335275843e-05
0.783	0.0017062343354508622	8.204817940287084e-05
0.784	0.0015832474469017791	8.291032093441224e-05
0.785	0.001804855860870779	8.338575043053533e-05
0.786	0.0016810569859725048	8.347128391190557e-05
0.787	0.0018409458118123906	8.316763467934647e-05
0.788	0.0016066441068788514	8.247936900308644e-05
0.789	0.001745912361613667	8.141482453319455e-05
0.79	0.001693477502154161	7.998599255736392e-05
0.791	0.0016646958936791657	7.820836557035176e-05
0.792	0.0013400119343035413	7.610075194107795e-05
0.793	0.0015195557799635466	7.368505976570235e-05
0.794	0.0014420467902966489	7.098605227527729e-05
0.795	0.0012933849070990472	6.803107742227818e-05
0.796	0.0012745621187949022	6.484977449921693e-05
0.797	0.0013043909022383362	6.147376084264742e-05
0.798	0.0010866846787976974	5.793630184539351e-05
0.799	0.001201712017584839	5.427196763741207e-05
0.8	0.0008745138301177674	5.05162799000863e-05
0.801	0.0008592279985433358	4.670535234921957e-05
0.802	0.0008496944706610853	4.287552845793807e-05
0.803	0.0006511298856845635	3.906301999198886e-05
0.804	0.0007697367152116316	3.530354989667702e-05
0.805	0.000649814673475302	3.163200300731349e-05
0.806	0.0006055887388453765	2.8082087954435655e-05
0.807	0.0005503066305090141	2.468601350221353e-05
0.808	0.0004347870943975954	2.14741823948348e-05
0.809	0.00043576821861063297	1.8474905592976584e-05
0.81	0.00030171417607901434	1.5714139562635363e-05
0.811	0.00029784298724455714	1.321524903393804e-05
0.812	0.00021411608595845146	1.0998797380483038e-05
0.8130000000000001	0.00016843032749350398	9.082366483011399e-06
0.8140000000000001	0.00014765084066672488	7.48040763766686e-06
0.8150000000000001	0.00012013903212894925	6.204124751775774e-06
0.8160000000000001	0.0001197905298906421	5.261390742209174e-06
0.8170000000000001	6.921840231940018e-05	4.656697716196074e-06
0.8180000000000001	8.48142569017358e-05	4.391141175336935e-06
0.8190000000000001	8.178095010221242e-05	4.462438143884037e-06
0.8200000000000001	9.96233401847042e-05	4.8649787854964016e-06
0.8210000000000001	0.00010188727152121882	5.589910742008342e-06
0.8220000000000001	0.00013662185907890902	6.625255106545128e-06
0.8230000000000001	0.0001561549191252118	7.956052634776286e-06
0.8240000000000001	0.00018765090562416445	9.564538505255631e-06
0.8250000000000001	0.00024029347263057388	1.1430343665562875e-05
0.8260000000000001	0.0002818411148277288	1.35307205480068e-05
0.8270000000000001	0.00028004187860335156	1.5840790709461375e-05
0.8280000000000001	0.0003474880827586411	1.8333811746705043e-05
0.8290000000000001	0.0004235374386632099	2.0981460663340788e-05
0.8300000000000001	0.00045879653724491303	2.3754130718703856e-05
0.8310000000000001	0.0005350937937705098	2.6621238674389597e-05
0.8320000000000001	0.0005784431909219417	2.9551539271247397e-05
0.8330000000000001	0.0005805655842729254	3.251344371953762e-05
0.834	0.0006707566943396526	3.5475338967776674e-05
0.835	0.0006271858829083763	3.840590453166609e-05
0.836	0.0008069338809570406	4.12744237129653e-05
0.837	0.0008149057404917976	4.405108611869221e-05
0.838	0.0009141330423685629	4.670727850243956e-05
0.839	0.0010101114315873702	4.9215861090714814e-05
0.84	0.001103211396504978	5.155142672627031e-05
0.841	0.0010463797448559682	5.3690540355568764e-05
0.842	0.001035740496964904	5.5611956606583626e-05
0.843	0.0010075806223894613	5.729681344364689e-05
0.844	0.0009872118120872332	5.872880014542471e-05
0.845	0.0012111893688588676	5.989429812744258e-05
0.846	0.0010742023942655408	6.078249341898392e-05
0.847	0.001236459625159344	6.138545990251254e-05
0.848	0.0010956095452664288	6.16982127288616e-05
0.849	0.0010759799806065809	6.17187316300685e-05
0.85	0.0011662341529480097	6.144795416065633e-05
0.851	0.0010867301455780125	6.0889739204169615e-05
0.852	0.001326612523623239	6.005080138168304e-05
0.853	0.0012595012391630256	5.894061728975499e-05
0.854	0.0013075650661262532	5.757130477393049e-05
0.855	0.001043034330082908	5.595747670762434e-05
0.856	0.001031785378839428	5.4116070992405193e-05
0.857	0.0011499917363367164	5.206615872195845e-05
0.858	0.0008414307990454914	4.982873265616395e-05
0.859	0.0009451160375543572	4.742647833184189e-05
0.86	0.0009263628207544343	4.488353029119475e-05
0.861	0.0008668075103928607	4.2225216036402055e-05
0.862	0.0006265032190595351	3.94777904182064e-05
0.863	0.0007484229455037865	3.66681632368707e-05
0.864	0.000755845884742942	3.382362287518791e-05
0.865	0.0006278693216475471	3.097155879517051e-05
0.866	0.0006259218468674839	2.813918571279426e-05
0.867	0.0004659777394117449	2.535327221928222e-05
0.868	0.0005179676633969539	2.263987654362982e-05
0.869	0.0004340150446240869	2.0024092050501627e-05
0.87	0.000307015226731374	1.7529804941645437e-05
0.871	0.0003289632245674697	1.5179466479109253e-05
0.872	0.00020390920629233678	1.2993881876729362e-05
0.873	0.00023640556170792618	1.099201781454105e-05
0.874	0.00019690359986365252	9.190830321226627e-06
0.875	0.0001471182979575512	7.605114544818413e-06
0.876	9.713547847104814e-05	6.247377694100252e-06
0.877	9.815008885179086e-05	5.127736185155056e-06
0.878	8.823480626104066e-05	4.253837771910318e-06
0.879	7.033115242522049e-05	3.630809179090128e-06
0.88	6.126945874373276e-05	3.2612294934099774e-06
0.881	6.27935366557024e-05	3.1451293068453846e-06
0.882	6.688249314788486e-05	3.2800153470526726e-06
0.883	8.462864956585312e-05	3.6609200770906006e-06
0.884	0.00010523664160098063	4.280475501989583e-06
0.885	9.23629974872726e-05	5.129010185798962e-06
0.886	0.00010422325922210638	6.194668261742552e-06
0.887	0.0001221085319960588	7.463549012072468e-06
0.888	0.0001768540429890294	8.919865405013202e-06
0.889	0.00021352917548295419	1.054611980549728e-05
0.89	0.00024417768332123205	1.232329492565474e-05
0.891	0.0002793834511127952	1.4231057951491768e-05
0.892	0.00031630270408787743	1.6247975674837118e-05
0.893	0.0003637719209726028	1.8351738375241237e-05
0.894	0.00042236644924376505	2.05193901355845e-05
0.895	0.0003630616995576847	2.272756323794725e-05
0.896	0.0006090081251980421	2.4952714272889906e-05
0.897	0.0004802370061704454	2.71713596054221e-05
0.898	0.0006488287114573063	2.9360307874242386e-05
0.899	0.0005884275012670731	3.149688725658327e-05
0.9	0.0006270446087663993	3.3559165308386095e-05
0.901	0.0006601242910447556	3.552615928747513e-05
0.902	0.0007668699001846044	3.737803498463719e-05
0.903	0.0007193572688117045	3.909629222267775e-05
0.904	0.0008190434096936456	4.0663935334989534e-05
0.905	0.0009792682520707642	4.2065627101298926e-05
0.906	0.0008295678413318289	4.328782479719703e-05
0.907	0.0005919308210907017	4.431889720392314e-05
0.908	0.0009877648096742533	4.5149221623687444e-05
0.909	0.000855801026949808	4.577126015152402e-05
0.91	0.0010412618935447934	4.617961466523049e-05
0.911	0.0008621124999920746	4.637106020825906e-05
0.912	0.0008935489309982871	4.634455665441441e-05
0.913	0.0008719950747936832	4.610123875583563e-05
0.914	0.0009574542523533381	4.564438488496882e-05
0.915	0.0010691267845599577	4.497936498514118e-05
0.916	0.0008930753378493815	4.4113568441036994e-05
0.917	0.0008787260319044133	4.3056312768089716e-05
0.918	0.0009135412985905502	4.1818734196851e-05
0.919	0.0008076687038233625	4.041366139324897e-05
0.92	0.000795017979160973	3.8855473706866274e-05
0.921	0.0008350219268117784	3.715994547568911e-05
0.922	0.0006271869877679233	3.5344078036095156e-05
0.923	0.0005756291953776124	3.342592119016171e-05
0.924	0.0005937761680144921	3.1424385967950725e-05
0.925	0.0005898865855128907	2.9359050589579998e-05
0.926	0.0006047477619252746	2.7249961580237747e-05
0.927	0.0005279051843877665	2.5117432020517976e-05
0.928	0.0005024476544765893	2.2981838924489385e-05
0.929	0.00036342120299651906	2.0863421728849196e-05
0.93	0.0003820662507200871	1.8782083848571834e-05
0.931	0.0004411620750814885	1.6757199208136348e-05
0.932	0.00034305140669187053	1.4807425593234061e-05
0.933	0.00023507940675958355	1.2950526586607938e-05
0.934	0.00024145223797253842	1.1203203754257442e-05
0.935	0.0001730840832445184	9.580940635666148e-06
0.936	0.00014414628925023357	8.097859965195362e-06
0.937	0.00012440284609592303	6.766595412576143e-06
0.9380000000000001	0.00012465792427000425	5.598178979958522e-06
0.9390000000000001	0.00010112168639543148	4.60194503272502e-06
0.9400000000000001	7.194644809252948e-05	3.785451772798689e-06
0.9410000000000001	6.84885675928901e-05	3.154420788153526e-06
0.9420000000000001	5.896553130858676e-05	2.7126951323179105e-06
0.9430000000000001	5.37785275267816e-05	2.462216204608517e-06
0.9440000000000001	4.941333818990074e-05	2.4030195173786975e-06
0.9450000000000001	5.2292252425143125e-05	2.533249252465805e-06
0.9460000000000001	6.420058273092329e-05	2.8491913270279107e-06
0.9470000000000001	6.598914737957986e-05	3.345324510781039e-06
0.9480000000000001	7.823000925656878e-05	4.014388963966699e-06
0.9490000000000001	0.00010236404384992803	4.847471399807111e-06
0.9500000000000001	0.00012003865392824336	5.834105918299508e-06
0.9510000000000001	0.00016479636242859634	6.9623894114084175e-06
0.9520000000000001	0.00016509003017295044	8.219110304410817e-06
0.9530000000000001	0.00019482271577207116	9.589889275577647e-06
0.9540000000000001	0.0002364878564753474	1.1059330487651721e-05
0.9550000000000001	0.0002964399776867087	1.2611181770724908e-05
0.9560000000000001	0.0002665568201801039	1.4228502117936504e-05
0.9570000000000001	0.00033255622393244693	1.5893834793642844e-05
0.9580000000000001	0.00038590263462219516	1.7589384308858558e-05
0.9590000000000001	0.000347443967440165	1.9297195491216014e-05
0.9600000000000001	0.00042773852935223787	2.0999332866660247e-05
0.961	0.0004341302328129452	2.2678058577586905e-05
0.962	0.00048813685795540796	2.4316007087055175e-05
0.963	0.0005651854306560496	2.589635496070288e-05
0.964	0.0005546989634552402	2.7402984076655423e-05
0.965	0.0006525969955681418	2.8820636688340205e-05
0.966	0.0004729633894647336	3.0135060854979566e-05
0.967	0.0005670816777249773	3.133314485864373e-05
0.968	0.0006651289581086616	3.240303934404252e-05
0.969	0.0006802410258928433	3.333426604652349e-05
0.97	0.0006860489216887346	3.41178121136659e-05
0.971	0.0007286197605623331	3.474620917502234e-05
0.972	0.0006704957550259379	3.5213596471413815e-05
0.973	0.0007711809454105723	3.551576751814481e-05
0.974	0.0007101859023101554	3.565019994392497e-05
0.975	0.0007765938837347171	3.56160683174534e-05
0.976	0.0005598240254381338	3.5414239944833496e-05
0.977	0.0008038359934220934	3.504725379150391e-05
0.978	0.0006747798036388208	3.451928285048261e-05
0.979	0.0006561428934076021	3.38360804427357e-05
0.98	0.0006258952828158499	3.300491109375884e-05
0.981	0.0006027621035611107	3.2034466781416415e-05
0.982	0.0006245441507727472	3.09347694922174e-05
0.983	0.0006145202656437905	2.9717061155122236e-05
0.984	0.0005174774369887562	2.8393682142354847e-05
0.985	0.0006168323081173498	2.6977939634388746e-05
0.986	0.0004847954292080672	2.548396724021803e-05
0.987	0.00043008182280389643	2.3926577343348955e-05
0.988	0.0004752368842823513	2.2321107707885642e-05
0.989	0.0003890590701229866	2.0683263927076203e-05
0.99	0.00046183388532677433	1.9028959328324625e-05
0.991	0.00033048670158056183	1.7374153963693093e-05
0.992	0.000295357876620427	1.5734694313298507e-05
0.993	0.0002925884635165108	1.4126155310808265e-05
0.994	0.00022504080115316705	1.2563686265773766e-05
0.995	0.00024385795847697557	1.1061862207254953e-05
0.996	0.00017685436782954725	9.634542107664475e-06
0.997	0.00017642341519059766	8.294735365818806e-06
0.998	0.00014811581394866738	7.0544778346782115e-06
0.999	0.00010464691637952031	5.924718573286806e-06
1.0	0.00010312636752859256	4.915218385143245e-06
