0.01	20.72135242367864	0.9796885255659382
0.011638795986622074	20.6130880140237	0.9722004422929275
0.013277591973244147	18.985289077183644	0.9636411609672658
0.014916387959866221	17.496525185105217	0.9540367259985768
0.016555183946488295	18.096199328043454	0.9434162373822915
0.018193979933110366	20.84274912335267	0.9318117182944143
0.01983277591973244	18.42518502311094	0.9192579699905252
0.021471571906354514	19.342153506507678	0.9057924148525953
0.023110367892976588	13.925279423764719	0.8914549284924747
0.024749163879598662	18.196533607991263	0.8762876618794473
0.026387959866220737	17.365285368446987	0.8603348545114793
0.02802675585284281	17.740979899567197	0.8436426396949361
0.029665551839464885	15.21279135651364	0.8262588430353113
0.03130434782608696	14.858314117709796	0.808232775271921
0.032943143812709026	14.738887392157814	0.7896150206123524
0.0345819397993311	16.24456754110832	0.7704572217372668
0.036220735785953175	13.512036489657252	0.7508118626536514
0.03785953177257525	13.544927827352327	0.7307320505740218
0.03949832775919732	12.236093897610516	0.7102712979909152
0.0411371237458194	14.079884078686696	0.6894833061004241
0.04277591973244147	12.268485667713474	0.6684217507055997
0.044414715719063545	14.064976287496714	0.6471400717002994
0.04605351170568562	13.577096458990523	0.6256912671975655
0.047692307692307694	12.731230084778414	0.6041276933230444
0.04933110367892977	12.317811031281158	0.5825008706448918
0.05096989966555184	13.460990838267895	0.5608612981566212
0.052608695652173916	9.663234068461321	0.5392582756694831
0.05424749163879598	8.136612858142293	0.5177397354060082
0.05588628762541806	9.960682005647076	0.49635208351798116
0.05752508361204013	9.478572378251162	0.47514005217950017
0.059163879598662206	8.61086651263784	0.45414656283065
0.06080267558528428	9.32715606075739	0.4334126010695847
0.062441471571906354	8.341909322877367	0.41297710361135115
0.06408026755852843	9.336650250066587	0.39287685765107194
0.0657190635451505	7.989764177394526	0.37314641288785727
0.06735785953177258	6.227888262229075	0.35381800638442457
0.06899665551839465	5.5048195294313675	0.3349215003567177
0.07063545150501672	6.2060349551273815	0.31648433290809214
0.07227424749163879	6.850785577740131	0.2985314816447562
0.07391304347826086	5.041875877611996	0.28108544003320446
0.07555183946488293	5.319818535415217	0.26416620628745946
0.07719063545150501	4.895003261757839	0.24779128450374344
0.07882943143812708	4.66268802723347	0.23197569769391238
0.08046822742474916	4.126235789625422	0.21673201230646597
0.08210702341137123	3.9665685024012007	0.20207037376577702
0.0837458193979933	4.045274626839273	0.18799855250661462
0.08538461538461538	3.637059393598791	0.17452199993241843
0.08702341137123745	3.1170444622687907	0.1616439136821396
0.08866220735785953	3.313551237687124	0.14936531155225324
0.0903010033444816	2.461966394261923	0.13768511338760003
0.09193979933110367	2.3195462193312264	0.12660023022745823
0.09357859531772575	2.22375090279145	0.1161056599713092
0.09521739130434782	2.6387086498869445	0.10619458881261297
0.0968561872909699	1.961213984208411	0.09685849767806794
0.09849498327759196	1.9463625534938283	0.08808727290453798
0.10013377926421403	1.4881127458429462	0.07986932038576072
0.1017725752508361	1.4577501792594607	0.07219168242606498
0.10341137123745818	1.1573121772117385	0.06504015654835431
0.10505016722408025	1.2301400641672808	0.05839941551834396
0.10668896321070233	1.105051007912332	0.05225312786626184
0.1083277591973244	0.8406400354869209	0.046584078210568626
0.10996655518394648	0.7587529602661788	0.04137428671549385
0.11160535117056855	0.9081660665490546	0.03660512704492657
0.11324414715719062	0.654169937358854	0.032257442209164044
0.1148829431438127	0.5680523204838922	0.028311657737781534
0.11652173913043477	0.46502079767403437	0.024747891651123472
0.11816053511705685	0.39660961028654246	0.021546060744245935
0.11979933110367892	0.3749856604487582	0.01868598274015411
0.121438127090301	0.31821845423924433	0.016147473913547483
0.12307692307692307	0.24905428890775913	0.01391044183159039
0.12471571906354514	0.2603419680346143	0.011954972904121834
0.12635451505016723	0.17361120278440423	0.010261414481844623
0.1279933110367893	0.14056059252821035	0.008810451287028438
0.12963210702341138	0.14815048987933258	0.007583176006802985
0.13127090301003344	0.1217191416085877	0.006561153923889067
0.1329096989966555	0.11925523809960308	0.005726481503301852
0.1345484949832776	0.10379856287187002	0.005061838895906694
0.13618729096989968	0.08158431699388904	0.004550536360435009
0.13782608695652174	0.09638074091596012	0.004176554644456988
0.13946488294314383	0.06722338442949419	0.003924579401640932
0.14110367892976589	0.081262841411576	0.003780029757226687
0.14274247491638797	0.07549952109281394	0.003729081165839698
0.14438127090301003	0.08567981290490244	0.003758682735443956
0.14602006688963212	0.06868458900333238	0.0038565692182654337
0.14765886287625418	0.08148491160443103	0.004011267893833193
0.14929765886287627	0.07598801745560702	0.004212100590827895
0.15093645484949833	0.07692010702410951	0.004449181113163564
0.1525752508361204	0.09917371886728685	0.004713408351651525
0.15421404682274248	0.10485951961336461	0.004996455375723938
0.15585284280936454	0.12309342832634704	0.005290754810058943
0.15749163879598663	0.12957475038138971	0.005589480808617486
0.1591304347826087	0.10365482076233548	0.005886527943639616
0.16076923076923078	0.13331724054222752	0.006176487329660554
0.16240802675585284	0.12892334562215718	0.006454620302695462
0.16404682274247492	0.14057100304021058	0.0067168299725367045
0.16568561872909698	0.15765520422603646	0.006959630961745202
0.16732441471571907	0.14625050756161304	0.007180117638541006
0.16896321070234113	0.13888204750159572	0.007375931142571789
0.17060200668896322	0.1337304372723596	0.007545225492617567
0.17224080267558528	0.14692803721936523	0.007686633053851012
0.17387959866220737	0.15521944237615176	0.0077992296294818325
0.17551839464882943	0.16951121010112513	0.0078824994276513
0.17715719063545152	0.12471031278510925	0.007936300139478351
0.17879598662207358	0.1725370793143252	0.00796082834836905
0.18043478260869567	0.14292439866008114	0.007956585474255196
0.18207357859531773	0.1827464063553091	0.007924344439494085
0.1837123745819398	0.1714043937402495	0.007865117225898529
0.18535117056856187	0.14482329338199113	0.007780123474931386
0.18698996655518393	0.13701599795769595	0.007670760265640471
0.18862876254180602	0.10759058927758736	0.007538573187561678
0.19026755852842808	0.12887426529865229	0.007385228808719307
0.19190635451505017	0.1300318841879938	0.0072124886221124965
0.19354515050167223	0.15288944471095334	0.007022184537817016
0.19518394648829432	0.13947342174273092	0.006816195972140362
0.19682274247491638	0.12185621288127059	0.00659642857024404
0.19846153846153847	0.12826587825710115	0.006364794584359232
0.20010033444816053	0.13083908233307281	0.00612319491624351
0.20173913043478262	0.14379201492932436	0.005873502819906399
0.20337792642140468	0.11317559075463346	0.0056175492489214385
0.20501672240802676	0.11177454432900605	0.005357109821868874
0.20665551839464882	0.08847621361535782	0.005093893369645572
0.2082943143812709	0.08669258593406483	0.004829532019548066
0.20993311036789297	0.09345599472999463	0.00456557276318517
0.21157190635451506	0.0916487814425194	0.004303470448406688
0.21321070234113712	0.08898561731337817	0.004044582129528092
0.2148494983277592	0.06840476871135798	0.0037901627051706807
0.21648829431438127	0.06653345586721549	0.003541361768995352
0.21812709030100336	0.06703788661327524	0.0032992215954505445
0.21976588628762542	0.056449520039747125	0.0030646761803458725
0.22140468227424748	0.061723564897574044	0.0028385512545564583
0.22304347826086957	0.05100044123338673	0.0026215651884140215
0.22468227424749163	0.04976004335230453	0.002414330704297137
0.2263210702341137	0.036470507124215505	0.0022173573155430584
0.22795986622073577	0.051267106469649694	0.002031054411010899
0.22959866220735786	0.0416099570357837	0.0018557349063760776
0.23123745819397992	0.036593345325426824	0.0016916193854701102
0.232876254180602	0.03275060165478135	0.0015388406576424308
0.23451505016722407	0.026103517775090273	0.0013974486601553502
0.23615384615384616	0.026059248578302583	0.0012674156379730538
0.23779264214046822	0.025866786681888215	0.0011486415369183305
0.2394314381270903	0.021820751818958775	0.0010409595499924816
0.24107023411371237	0.018161436041681876	0.000944141760636656
0.24270903010033446	0.015688834122824003	0.0008579048308069992
0.24434782608695652	0.01749817217682055	0.000781915685899393
0.2459866220735786	0.011092832554331949	0.0007157971527481127
0.24762541806020066	0.013810799802083884	0.0006591335111001875
0.24926421404682275	0.014203720186446729	0.0006114759230966912
0.2509030100334448	0.012373509172519098	0.0005723477093434768
0.2525418060200669	0.012891164343268566	0.000541249444097322
0.25418060200668896	0.012118711137212902	0.0005176638459054504
0.255819397993311	0.009351259651821214	0.0005010604436943999
0.2574581939799331	0.011498014597261021	0.0004909000017910896
0.25909698996655517	0.009318176952741918	0.000486638690659046
0.26073578595317726	0.0103179799660846	0.00048773199323475647
0.26237458193979935	0.0090467515667135	0.0004936383396441406
0.2640133779264214	0.009508889011648697	0.0005038224657611745
0.26565217391304347	0.011605629210258636	0.000517758493536329
0.26729096989966555	0.011452416213699952	0.0005349327332708196
0.26892976588628764	0.012020794283217803	0.0005548462100450818
0.2705685618729097	0.011734364197010518	0.0005770169183293901
0.27220735785953176	0.010385800307689524	0.0006009818104165109
0.27384615384615385	0.011226601677762408	0.000626298525727033
0.27548494983277594	0.012414753223640447	0.0006525468692558799
0.27712374581939797	0.014367154823573832	0.0006793300484621958
0.27876254180602006	0.01312233729457395	0.0007062756787648032
0.28040133779264215	0.016318329142893686	0.0007330365685020105
0.28204013377926423	0.01580317929487305	0.0007592912947595996
0.28367892976588627	0.011785208308969973	0.0007847445818753734
0.28531772575250836	0.01868935933109	0.0008091274947052143
0.28695652173913044	0.018598103031035814	0.0008321974588954101
0.28859531772575253	0.019892616134344177	0.0008537381204615594
0.29023411371237456	0.018193604040669695	0.0008735590569363439
0.29187290969899665	0.02034274037472027	0.0008914953522290199
0.29351170568561874	0.019494717342392626	0.0009074070471487615
0.2951505016722408	0.018438961486781747	0.0009211784772920495
0.29678929765886286	0.017419237590513708	0.0009327175096918313
0.29842809364548495	0.020874666829812753	0.0009419546892808174
0.30006688963210704	0.017733663002003283	0.0009488423058423231
0.30170568561872907	0.020070837916557338	0.0009533533917167755
0.30334448160535116	0.018442978927618335	0.0009554806601071771
0.30498327759197325	0.016844947733366894	0.0009552353933887162
0.30662207357859533	0.01595781104188715	0.0009526462903817125
0.30826086956521737	0.02110370244416943	0.0009477582810978138
0.30989966555183945	0.0198065841687348	0.0009406313170209494
0.31153846153846154	0.02108097114099611	0.0009313391445400785
0.31317725752508363	0.01664527794217087	0.0009199680687134355
0.31481605351170566	0.018102416262587264	0.0009066157141152192
0.31645484949832775	0.01596390973876938	0.0008913897890979535
0.31809364548494984	0.01822228707376693	0.0008744068593972107
0.3197324414715719	0.019473254256492857	0.0008557911366117997
0.32137123745819396	0.015706974914508468	0.0008356732867110374
0.32301003344481605	0.015302717130630607	0.0008141892633524453
0.32464882943143814	0.015871413578741368	0.000791479170436904
0.32628762541806017	0.01722992165061983	0.0007676861579840372
0.32792642140468226	0.01601609687228141	0.0007429553550774692
0.32956521739130434	0.011320192801766604	0.0007174328433067507
0.33120401337792643	0.013096269451200234	0.0006912646738194215
0.33284280936454846	0.014327968126552959	0.0006645959307917842
0.33448160535117055	0.013878575040252682	0.0006375698438296364
0.33612040133779264	0.013172349584058947	0.0006103269515195919
0.33775919732441473	0.012692434595293957	0.000583004318066735
0.33939799331103676	0.011746620837396715	0.0005557348046745809
0.34103678929765885	0.010638877386980746	0.0005286463970478642
0.34267558528428094	0.00991282076589693	0.0005018615901271468
0.344314381270903	0.010429698634501761	0.0004754968308962557
0.34595317725752506	0.010073129416406945	0.0004496620198387077
0.34759197324414715	0.008389591922380358	0.00042446007135768396
0.34923076923076923	0.009777266926023393	0.0003999865332157699
0.3508695652173913	0.006523238647314553	0.0003763292647958037
0.35250836120401335	0.008292911699421628	0.00035356817373308766
0.35414715719063544	0.007453326271383927	0.0003317750102225512
0.35578595317725753	0.006046087365089066	0.00031101321806285246
0.3574247491638796	0.005333014335649215	0.0002913378412632973
0.35906354515050165	0.006224245296980215	0.0002727954848103195
0.36070234113712374	0.006108242249750724	0.00025542432796839314
0.3623411371237458	0.005649952518368568	0.00023925418827702643
0.36397993311036786	0.004795902254674245	0.00022430663420190458
0.36561872909698995	0.0049497951236439856	0.00021059514420528758
0.36725752508361204	0.004223968682225285	0.0001981253098196392
0.3688963210702341	0.004111846345647641	0.00018689508014013093
0.37053511705685616	0.0030705049434486013	0.00017689504499729917
0.37217391304347824	0.003503263591924178	0.0001681087539316305
0.37381270903010033	0.0035592946694067633	0.0001605130679682392
0.3754515050167224	0.0030657511543394733	0.0001540785410828687
0.37709030100334445	0.0032205047578602467	0.00014876982816102634
0.37872909698996654	0.002906569539470394	0.00014454611618075264
0.38036789297658863	0.002929954178505361	0.00014136157529692629
0.3820066889632107	0.002782212598314336	0.00013916582647144127
0.38364548494983275	0.0025145664422698273	0.00013790442227947585
0.38528428093645484	0.0029457845242239523	0.00013751933752732546
0.3869230769230769	0.0030475219780054324	0.00013794946634212
0.388561872909699	0.002645954939130697	0.00013913112243779807
0.39020066889632105	0.002838680284414188	0.00014099853932478536
0.39183946488294313	0.002302594954565429	0.00014348436731243005
0.3934782608695652	0.003011987433999667	0.00014652016425269296
0.39511705685618725	0.0033329068371802445	0.0001500368770902324
0.39675585284280934	0.002747231516572835	0.0001539653114168869
0.39839464882943143	0.003171530868122137	0.00015823658637664946
0.4000334448160535	0.003571872831109899	0.0001627825724294176
0.40167224080267555	0.003885421677689052	0.0001675363096568717
0.40331103678929764	0.0032744376427965753	0.00017243240448036633
0.4049498327759197	0.0038184352162906644	0.00017740740285737233
0.4065886287625418	0.003549168055479905	0.00018240013822829636
0.40822742474916385	0.004039877502274237	0.00018735205269775307
0.40986622073578594	0.0036266859342691045	0.0001922074901522075
0.411505016722408	0.0042473372100626725	0.00019691396023748371
0.4131438127090301	0.004672583861850972	0.00020142237234351934
0.41478260869565214	0.004046377815970612	0.0002056872389681653
0.41642140468227423	0.004028915487499431	0.0002096668480553198
0.4180602006688963	0.004242903318239977	0.00021332340412346146
0.4196989966555184	0.004674597478726032	0.00021662313821744518
0.42133779264214044	0.004513471281483571	0.0002195363869274502
0.42297658862876253	0.0044854383656965	0.00022203764092316175
0.4246153846153846	0.004405971010894758	0.00022410556364689288
0.4262541806020067	0.004242091651090164	0.00022572298099560021
0.42789297658862874	0.0048556154517400765	0.00022687684299708377
0.4295317725752508	0.0040430225985169915	0.0002275581586493133
0.4311705685618729	0.00451810489285109	0.0002277619052427296
0.43280936454849495	0.0051472835824148185	0.00022748691362280222
0.43444816053511703	0.005076953131425187	0.00022673573097332532
0.4360869565217391	0.004560160289402872	0.00022551446280940827
0.4377257525083612	0.0037943761916924158	0.00022383259596243335
0.43936454849498324	0.004716478949842597	0.00022170280441707104
0.44100334448160533	0.0040642343210004084	0.00021914073992261422
0.4426421404682274	0.0043957021309459915	0.00021616480934743797
0.4442809364548495	0.003951369216070736	0.00021279594077627416
0.44591973244147154	0.004204843179326757	0.00020905734036548624
0.4475585284280936	0.0038808652501422717	0.00020497424197202016
0.4491973244147157	0.004076590642310759	0.0002005736515574568
0.4508361204013378	0.0033943594003142744	0.00019588408834029776
0.45247491638795984	0.004267418886928011	0.00019093532462781144
0.4541137123745819	0.003721766118117047	0.00018575812620422077
0.455752508361204	0.003082966043317031	0.00018038399508548203
0.4573913043478261	0.003255905099419663	0.00017484491637331442
0.45903010033444813	0.002991445622418934	0.00016917311085333996
0.4606688963210702	0.003181333862611999	0.00016340079488526846
0.4623076923076923	0.003207019687619671	0.00015755994902795771
0.4639464882943144	0.0032642025875176017	0.00015168209672998415
0.46558528428093643	0.002976531134368302	0.00014579809429815163
0.4672240802675585	0.002350190151805593	0.00013993793323325326
0.4688628762541806	0.00234201370437728	0.0001341305558954708
0.47050167224080264	0.002459758215010063	0.00012840368533209134
0.4721404682274247	0.0025967979094649834	0.00012278366996893992
0.4737792642140468	0.0020905531195898617	0.00011729534373498487
0.4754180602006689	0.00254828719611526	0.00011196190205807169
0.47705685618729093	0.002340778059929987	0.00010680479403967348
0.478695652173913	0.001806316094094445	0.00010184363098877862
0.4803344481605351	0.0016130456140665645	9.709611137055501e-05
0.4819732441471572	0.0018084926204328176	9.257796210494362e-05
0.48361204013377923	0.0017871387518645949	8.830289603477032e-05
0.4852508361204013	0.001550584357214593	8.428258527283058e-05
0.4868896321070234	0.0015377560417294677	8.052665003352005e-05
0.4885284280936455	0.001582517950272421	7.704266245736887e-05
0.4901672240802675	0.001341900013321514	7.383616484688258e-05
0.4918060200668896	0.0015051035129829385	7.091070164971357e-05
0.4934448160535117	0.0013905293273930054	6.826786445081578e-05
0.4950836120401338	0.001626077255252099	6.590734916904988e-05
0.4967224080267558	0.001531296395351565	6.382702459596045e-05
0.4983612040133779	0.0012800146644954906	6.202301136518928e-05
0.5	0.0013031103140147369	6.0489770400330223e-05
